vlsr,spec_nearest,spec_0,spec_1,spec_2,spec_3,spec_4,spec_5,spec_6,spec_7,spec_8,spec_9,spec_10,spec_11,spec_12,spec_13,spec_14,spec_15,spec_16,spec_17,spec_18,spec_19
-54.13024858621501,1.6902018785476685,-0.5977258086204529,0.3905670642852783,-1.3577721118927002,1.0779837369918823,1.9592372179031368,-1.1214340925216677,-0.171261265873909,1.1844972372055054,-0.7960448265075684,-0.2037599086761474,2.079294204711914,1.263518452644348,-0.9139089584350586,-2.637465476989746,-0.2999988198280334,-0.3181324303150177,-1.736871600151062,0.3538781106472015,-3.4436898231506348,-2.2836148738861084
-53.936263654417274,1.377157814717806,-0.6754655332644917,0.7132447858467126,-1.014919930298391,0.7697703186457189,1.7120412796017002,-0.8745878493216389,0.2742232502280827,1.1319595205982902,-0.6633219792194863,-0.056114460298437696,1.5169791807049142,0.7218835785128046,-0.8380118912580073,-1.9911927222542158,0.051892836151401,-0.4139074951907906,-1.532913252683653,0.46841146143115125,-3.1811501161508122,-1.5755922274598488
-53.74227872261954,1.0641137508879437,-0.7532052579085304,1.0359225074081468,-0.6720677487040817,0.46155690029955543,1.4648453413002636,-0.6277416061216101,0.7197077663300744,1.0794218039910752,-0.5305991319314043,0.09153098807927201,0.9546641566979142,0.18024870438126128,-0.762114824080956,-1.3449199675186856,0.4037844921308354,-0.5096825600665635,-1.3289549052162442,0.582944812215101,-2.9186104091509897,-0.8675695810335893
-53.5482937908218,0.7510696870580812,-0.8309449825525692,1.358600228969581,-0.3292155671097723,0.1533434819533921,1.217649402998827,-0.38089536292158144,1.165192282432066,1.02688408738386,-0.3978762846433223,0.23917643645698172,0.3923491326909143,-0.36138616975028204,-0.6862177569039047,-0.6986472127831553,0.7556761481102698,-0.6054576249423365,-1.1249965577488354,0.6974781629990507,-2.656070702151167,-0.15954693460732994
-53.354308859024066,0.4380256232282187,-0.908684707196608,1.6812779505310154,0.013636614484536791,-0.15486993639277147,0.9704534646973905,-0.13404911972155265,1.6106767985340578,0.974346370776645,-0.26515343735524033,0.38682188483469143,-0.16996589131608575,-0.9030210438818254,-0.6103206897268534,-0.05237445804762508,1.1075678040897041,-0.7012326898181095,-0.9210382102814264,0.8120115137830005,-2.3935309951513446,0.5484757118189298
-53.16032392722633,0.12498155939835631,-0.9864244318406468,2.0039556720924496,0.3564887960788461,-0.4630833547389348,0.723257526395954,0.11279712347847615,2.0561613146360496,0.9218086541694299,-0.1324305900671583,0.534467333212401,-0.7322809153230856,-1.4446559180133687,-0.5344236225498021,0.5938982966879052,1.4594594600691386,-0.7970077546938824,-0.7170798628140176,0.9265448645669503,-2.130991288151522,1.2564983582451892
-52.96633899542859,-0.09682709514982567,-0.9807997036289865,1.4826606397063005,0.19760282274081206,-0.8201651672706268,0.7557618503004336,-0.07491329389731646,1.4617893729006894,0.6558977307990423,-0.2409287790641627,0.046704368379025585,-0.7081370521786075,-0.9126495235705401,-0.7284122185715789,0.5217422312592163,1.1597333448716367,-0.8654117807607654,-0.08012590868358438,0.39915562339531985,-1.6121545102247232,0.9057173241268794
-52.77235406363086,-0.3150926270074498,-0.9719375209374868,0.928589966390081,0.01923187251216163,-1.1791447815182656,0.7991283203100198,-0.2794996980916219,0.8270346561036022,0.3817004693019129,-0.3587947752955585,-0.46573465133638425,-0.6612180866204334,-0.3389483225810488,-0.9328818112224577,0.42168601747457823,0.8347016851623575,-0.932752853864194,0.5736434088124376,-0.1531626504736655,-1.0833644479900604,0.513817700472774
-52.57836913183312,-0.5333581588650738,-0.9630753382459869,0.37451929307386145,-0.15913907771648877,-1.5381243957659045,0.842494790319606,-0.4840861022859274,0.19227993930651488,0.1075032078047834,-0.4766607715269543,-0.9781736710517943,-0.6142991210622593,0.23475287840844272,-1.1373514038733368,0.32162980368994015,0.5096700254530784,-1.0000939269676228,1.2274127263084595,-0.7054809243426511,-0.5545743857553975,0.12191807681866851
-52.384384200035385,-0.7516236907226979,-0.9542131555544872,-0.17955138024235806,-0.3375100279451391,-1.8971040100135432,0.8858612603291921,-0.6886725064802328,-0.4424747774905726,-0.16669405369234613,-0.5945267677583501,-1.4906126907672044,-0.567380155504085,0.8084540793979342,-1.3418209965242154,0.22157358990530213,0.1846383657437991,-1.0674350000710515,1.8811820438044813,-1.2577991982116363,-0.025784323520734898,-0.26998154683543674
-52.19039926823765,-0.969889222580322,-0.9453509728629873,-0.7336220535585776,-0.5158809781737896,-2.2560836242611817,0.9292277303387783,-0.8932589106745383,-1.0772294942876597,-0.44089131518947566,-0.7123927639897459,-2.003051710482614,-0.520461189945911,1.3821552803874253,-1.5462905891750944,0.12151737612066404,-0.14039329396548017,-1.1347760731744803,2.5349513613005032,-1.8101174720806217,0.5030057387139277,-0.6618811704895422
-51.99641433643991,-0.8830913049834198,-0.9563229813867675,-0.4283294239822977,-0.1006891289536177,-1.8069947526163366,0.9582966030860414,-0.8465663060850077,-0.8403319461005302,-0.17986256978951964,-0.896345990044716,-2.021209497841039,-0.19040614974744646,1.6984040250583352,-1.504050454314879,0.46193612959917363,-0.17632208886195105,-0.6433548100141026,2.3906133369523808,-1.671117249800249,0.5257656610741921,-0.3438359109723116
-51.80242940464217,-0.7716417955113738,-0.9688977528370373,-0.05359329518229339,0.36246739092915337,-1.2926074174649391,0.9862101144383691,-0.7795683270482742,-0.5329978512479229,0.12441676202641988,-1.0856395983076643,-1.9994253674331985,0.1625285732502708,1.9938485308348026,-1.4418741798577837,0.8379488198262723,-0.1888890360967564,-0.10678103483233925,2.181781790030917,-1.476252906618851,0.5076342590001172,0.03157863203358702
-51.60844447284443,-0.6601922860393319,-0.9814725242873065,0.32114283361769713,0.8256239108119074,-0.7782200823135605,1.0141236257906958,-0.7125703480115431,-0.22566375639532665,0.42869609384234825,-1.2749332065706058,-1.977641237025359,0.515463296247975,2.2892930366112596,-1.3796979054006908,1.2139615100533572,-0.20145598333156126,0.4297927403494044,1.9729502431094614,-1.2813885634374604,0.48950285692604284,0.40699317503947197
-51.414459541046696,-0.5487427765672899,-0.9940472957375757,0.6958789624176875,1.2887804306946617,-0.26383274716218175,1.0420371371430226,-0.6455723689748121,0.08167033845726945,0.7329754256582766,-1.4642268148335473,-1.9558571066175197,0.8683980192456795,2.5847375423877157,-1.317521630943598,1.589974200280442,-0.21402293056636612,0.966366515531148,1.7641186961880055,-1.0865242202560697,0.4713714548519686,0.7824077180453568
-51.22047460924896,-0.43729326709524796,-1.006622067187845,1.070615091217678,1.7519369505774156,0.2505545879891966,1.0699506484953494,-0.578574389938081,0.38900443330986545,1.037254757474205,-1.6535204230964886,-1.9340729762096802,1.2213327422433837,2.8801820481641727,-1.2553453564865051,1.9659868905075268,-0.226589877801171,1.502940290712892,1.5552871492665497,-0.891659877074679,0.4532400527778943,1.1578222610512416
-51.026489677451224,-0.44472705842391375,-0.8844362679240044,0.9227467119375908,1.4457413409050561,0.3465034197566665,0.953771975243915,-0.1500093768833035,0.19180799481599906,0.9008002054077647,-1.0580249602365845,-1.5203339163359284,0.47744629113266124,2.441772581142063,-0.8807199649333226,1.8195955318732335,0.2055638153831496,1.2901801533499546,1.2782670258231748,-0.7957116538496349,0.23229415584805763,0.8308473574429742
-50.83250474565349,-0.467177687748464,-0.7452280807804805,0.7088651316368373,1.0423644096046452,0.38959686162299095,0.8193921839372618,0.32422726152113923,-0.06911861631112887,0.708674004850899,-0.363398246287441,-1.0570847601085689,-0.4049859924970727,1.9106657701874687,-0.46662731648377687,1.6072162933827414,0.6938927473572757,0.9827673112444957,0.9926336085033435,-0.7122580984085554,-0.014270414116200836,0.4151495763676223
-50.63851981385575,-0.48962831707301435,-0.6060198936369565,0.49498355133608385,0.6389874783042342,0.43269030348931536,0.6850123926306086,0.798463899925582,-0.3300452274382568,0.5165478042940335,0.3312284676617021,-0.5938356038812094,-1.287418276126807,1.379558959232874,-0.05253466803423135,1.3948370548922493,1.1822216793314018,0.6753544691390369,0.7070001911835122,-0.6288045429674757,-0.2608349840804593,-0.0005482047077296492
-50.444534882058015,-0.5120789463975647,-0.4668117064934325,0.2811019710353303,0.23561054700382345,0.47578374535563983,0.5506326013239555,1.2727005383300247,-0.5909718385653848,0.3244216037371678,1.0258551816108454,-0.13058644765384986,-2.169850559756541,0.8484521482782794,0.3615579804153144,1.182457816401757,1.670550611305528,0.3679416270335778,0.42136677386368104,-0.545350987526396,-0.5073995540447178,-0.4162459857830816
-50.25054995026028,-0.534529575722115,-0.3276035193499086,0.06722039073457675,-0.16776638429658752,0.5188771872219643,0.4162528100173024,1.7469371767344675,-0.8518984496925126,0.1322954031803022,1.7204818955599888,0.33266270857350966,-3.0522828433862745,0.31734533732368453,0.7756506288648599,0.9700785779112646,2.158879543279654,0.060528784928119084,0.13573335654384988,-0.46189743208531636,-0.7539641240089763,-0.8319437668584335
-50.05656501846254,-0.9702242256758924,-0.4297601449025119,0.022127156907858717,-0.35287258764366153,0.42394320202338576,0.34542923836738876,1.2395300555538995,-0.5933096834591565,0.16423037415974737,1.5419002684292982,0.4388602561764838,-2.8926532593640495,-0.1936964741000703,0.5748786028329511,1.12243668754379,1.9664179574359624,0.37433175916794253,0.13057936437718387,-0.5999961936628575,-0.7556463371623615,-0.3550051249467143
-49.862580086664806,-1.4785771649710941,-0.5743545397203811,0.0067109949886723155,-0.4996015201417856,0.304740658219982,0.2857803866571249,0.5595262293912995,-0.24337755417338014,0.23556071595877545,1.209787504405404,0.48227949896636063,-2.549804006304062,-0.7012103735184021,0.2659985021669081,1.338924440802359,1.6542569398880032,0.7973594923256505,0.17474043597372646,-0.7770492087821457,-0.7142723117555805,0.27888058034739416
-49.66859515486707,-1.9869301042662957,-0.7189489345382504,-0.008705166930514083,-0.6463304526399096,0.18553811441657814,0.22613153494686103,-0.12047759677130032,0.10655457511239619,0.30689105775780356,0.8776747403815102,0.5256987417562374,-2.2069547532440748,-1.2087242729367338,-0.042881598499134865,1.5554121940609282,1.342095922340044,1.2203872254833585,0.21890150757026905,-0.9541022239014338,-0.6728982863487993,0.9127662856415024
-49.474610223069334,-2.495283043561497,-0.8635433293561195,-0.02412132884970048,-0.7930593851380336,0.06633557061317435,0.16648268323659718,-0.8004814229339001,0.4564867043981724,0.37822139955683165,0.545561976357616,0.5691179845461143,-1.864105500184087,-1.7162381723550655,-0.35176169916517797,1.7718999473194974,1.0299349047920845,1.6434149586410667,0.26306257916681164,-1.131155239020722,-0.6315242609420183,1.5466519909356107
-49.2806252912716,-3.003635982856699,-1.0081377241739888,-0.039537490768886886,-0.9397883176361577,-0.05286697319022948,0.1068338315263333,-1.4804852490965004,0.8064188336839488,0.44955174135585974,0.21344921233372216,0.6125372273359911,-1.5212562471240996,-2.223752071773397,-0.6606417998312211,1.9883877005780666,0.7177738872441253,2.0664426917987746,0.30722365076335423,-1.3082082541400104,-0.5901502355352373,2.1805376962297194
-49.08664035947386,-2.751801489567294,-1.1054308038474563,0.05722316485829399,-1.1792954593510072,0.16525560241461565,-0.09759822659237335,-1.6167316711015522,0.7169737093606814,0.21925850945191122,0.3236246309165462,0.05259429899790946,-1.3131534733666002,-2.024161585850261,-0.7670731073407894,2.1984550121321598,0.48084753807045766,1.7327454588298297,0.48608664900120724,-1.0874796931066733,-0.3420047685918468,2.1344825188613763
-48.892655427676125,-2.325211264649242,-1.1918500179704863,0.17977159463406536,-1.440130925023725,0.460924182481128,-0.3353137804371592,-1.6279763910014193,0.5265223198399316,-0.08037347502743503,0.535475493776778,-0.6460525767259113,-1.1360269017476041,-1.662018367664716,-0.8269644624005926,2.4070463600760283,0.26121651495984566,1.2250884635329164,0.6959156073864883,-0.7753070915784784,-0.04632563692739622,1.9321190926051122
-48.69867049587839,-1.89862103973119,-1.2782692320935163,0.3023200244098367,-1.7009663906964427,0.7565927625476404,-0.573029334281945,-1.6392211109012866,0.3360709303191819,-0.38000545950678116,0.7473263566370097,-1.3446994524497322,-0.9589003301286081,-1.2998751494791712,-0.886855817460396,2.615637708019897,0.04158549184923366,0.7174314682360035,0.9057445657717693,-0.46313449005028373,0.24935349473705437,1.7297556663488478
-48.50468556408065,-1.4720308148131378,-1.3646884462165463,0.42486845418560804,-1.9618018563691604,1.0522613426141527,-0.810744888126731,-1.650465830801154,0.1456195407984322,-0.6796374439861272,0.9591772194972416,-2.043346328173553,-0.781773758509612,-0.9377319312936263,-0.9467471725201992,2.8242290559637655,-0.17804553126137834,0.20977447293909024,1.1155735241570504,-0.15096188852208892,0.545032626401505,1.5273922400925835
-48.310700632282916,-1.0454405898950858,-1.4511076603395763,0.5474168839613794,-2.2226373220418782,1.3479299226806654,-1.0484604419715167,-1.6617105507010212,-0.04483184872231749,-0.9792694284654735,1.1710280823574732,-2.7419932038973736,-0.6046471868906158,-0.5755887131080815,-1.0066385275800025,3.032820403907634,-0.39767655437199023,-0.29788252235782275,1.3254024825423314,0.1612107130061058,0.8407117580659557,1.325028813836319
-48.11671570048517,-0.5775177589374226,-1.3824813093900281,0.6633655204401344,-1.7176426781794416,1.1577368335511684,-0.9682498914025556,-1.5779421771833357,-0.1412920851212016,-1.0836806124791567,1.1833499837010177,-2.7877311224397845,-0.4013951022129636,-0.38638418100097505,-0.8580748067688492,2.5081680373933475,-0.7460646156034869,-0.3379708551050154,1.3492866500189231,0.4615933912804371,0.7344555312384123,0.9624833773151337
-47.922730768687444,-0.09764333105267842,-1.2690225058893632,0.7774057829534767,-0.991203183367046,0.8270536232083345,-0.796108901003088,-1.4667001380991267,-0.21057415676193825,-1.131642408406355,1.1379767636421252,-2.6446760895079824,-0.1905886523135456,-0.2471860159527277,-0.6492349194407843,1.771493391999564,-1.1316836276169098,-0.24285861072934678,1.3194036490399697,0.7585669351198897,0.5119770320758031,0.5536202510788045
-47.7287458368897,0.3822310968321011,-1.15556370238869,0.8914460454668275,-0.2647636885545972,0.49637041286547645,-0.6239679106036078,-1.3554580990149092,-0.27985622840268,-1.1796042043335566,1.0926035435832295,-2.50162105657617,0.02021779758588782,-0.10798785090447016,-0.4403950321127038,1.0348187466057266,-1.517302639630361,-0.14774636635367122,1.289520648061014,1.055540478959364,0.2894985329131776,0.14475712484244552
-47.534760905091964,0.8621055247168629,-1.0421048988880208,1.0054863079801741,0.461675806257825,0.16568720252263036,-0.45182692020413384,-1.244216059930696,-0.34913830004341917,-1.2275660002607567,1.0472303235243354,-2.3585660236443626,0.23102424748531358,0.03121031414378228,-0.23155514478463124,0.29814410121191637,-1.9029216516437981,-0.052634121977999104,1.2596376470820594,1.3525140227988277,0.06702003375056031,-0.2641060013938985
-47.34077597329423,1.341979952601625,-0.9286460953873518,1.1195265704935204,1.1881153010702472,-0.1649960078202155,-0.27968592980466,-1.1329740208464827,-0.41842037168415835,-1.2755277961879565,1.0018571034654413,-2.2155109907125556,0.44183069738473923,0.17040847919203472,-0.022715257456558557,-0.43853054418189386,-2.288540663657235,0.04247812239767301,1.2297546461031048,1.649487566638291,-0.155458465412057,-0.6729691276302427
-47.14679104149649,1.300610841702893,-0.13516995460075498,0.8454154429055485,1.1748095207116873,-0.4599034222247096,0.09529870682167899,-0.755028680436926,-0.6731234804376254,-1.1329372319252986,0.8617108457606071,-1.9455526969870867,0.44664258248620486,-0.16435247471688888,0.05347080492796279,-0.6002902123171694,-1.8715682951992925,0.15174225348709242,0.9683847574444696,1.6097732407485021,-0.07983232053180611,-0.6988258512210358
-46.952806109698756,1.074497185412506,0.8993249892745736,0.43373167072467644,0.8993155415582964,-0.7421308076890257,0.542177294009453,-0.2825555876588741,-0.9935454377880218,-0.9228091222788801,0.6879741443331545,-1.6306160323473997,0.3784437357605305,-0.6670989391423138,0.08264032176286143,-0.5582825467405176,-1.170133158979284,0.26602224315860046,0.6249688832790956,1.450726505334397,0.10145116654087488,-0.5889334700766696
-46.75882117790102,0.8483835291221191,1.9338199331499024,0.02204789854380418,0.6238215624049055,-1.0243581931533419,0.989055881197227,0.1899175051191777,-1.3139673951384183,-0.7126810126324615,0.5142374429057018,-1.3156793677077125,0.31024488903485603,-1.1698454035677386,0.11180983859776009,-0.5162748811638659,-0.46869802275927586,0.38030223283010856,0.2815530091137217,1.2916797699202918,0.2827346536135559,-0.4790410889323035
-46.56483624610328,0.6222698728317321,2.968314877025231,-0.389635873637068,0.34832758325151447,-1.306585578617658,1.435934468385001,0.6623905978972298,-1.634389352488815,-0.5025529029860429,0.34050074147824916,-1.0007427030680256,0.24204604230918164,-1.6725918679931635,0.14097935543265872,-0.4742672155872142,0.23273711346073256,0.49458222250161665,-0.061862865051652394,1.1326330345061866,0.46401814068623687,-0.36914870778793735
-46.37085131430555,0.39615621654134525,4.002809820900559,-0.8013196458179399,0.07283360409812367,-1.5888129640819741,1.8828130555727753,1.1348636906752816,-1.9548113098392113,-0.29242479333962446,0.1667640400507966,-0.6858060384283384,0.1738471955835072,-2.1753383324185886,0.17014887226755737,-0.4322595500105625,0.9341722496807408,0.6088622121731248,-0.4052787392170263,0.9735862990920815,0.6453016277589179,-0.25925632664357123
-46.17686638250781,0.7293998416589005,3.9957694144771096,-0.8556581848406433,0.269689269598855,-1.6798531876424243,1.627087963755387,1.1509262959789108,-1.9333698539433164,-0.22490349801772186,0.12298313137109244,-0.5060626085820018,-0.18862028555434648,-2.303710443411777,0.033921785500592966,0.04375765009578447,1.1611295044975058,0.5188312282257115,-0.655060123202965,0.5744398405468065,0.8670532336261493,-0.12134486359435827
-45.982881450710074,1.3013025735105561,3.544340591926097,-0.7575294243824985,0.6680807834853829,-1.6893202221238763,1.0715853022290736,0.9722537599600827,-1.76606667506231,-0.21822777680762429,0.13465002759710484,-0.38400162558083895,-0.6766423840414202,-2.272349496940515,-0.1728745188031796,0.7049522516015028,1.185642863248849,0.3416275622008753,-0.8648907913790038,0.07285083346554644,1.1060712368457255,0.028521407734258125
-45.78889651891234,1.8732053053622117,3.0929117693750845,-0.6594006639243538,1.066472297371911,-1.6987872566053284,0.5160826407027597,0.7935812239412545,-1.5987634961813035,-0.21155205559752674,0.14631692382311726,-0.261940642579676,-1.164664482528494,-2.240988550469253,-0.3796708231069522,1.366146853107221,1.2101562220001918,0.16442389617603914,-1.0747214595550427,-0.42873817361571365,1.3450892400653016,0.17838767906287453
-45.5949115871146,2.4451080372138674,2.641482946824072,-0.561271903466209,1.464863811258439,-1.7082542910867804,-0.03942002082355378,0.6149086879224265,-1.431460317300297,-0.20487633438742917,0.15798382004912964,-0.13987965957851306,-1.6526865810155678,-2.209627603997991,-0.5864671274107248,2.027341454612939,1.2346695807515349,-0.012779769848797029,-1.2845521277310814,-0.9303271806969735,1.584107243284878,0.32825395039149097
-45.400926655316866,3.017010769065523,2.1900541242730593,-0.46314314300806436,1.8632553251449668,-1.7177213255682324,-0.5949226823498677,0.4362361519035983,-1.2641571384192907,-0.19820061317733162,0.16965071627514205,-0.017818676577350145,-2.1407086795026413,-2.178266657526729,-0.7932634317144974,2.6885360561186578,1.259182939502878,-0.1899834358736332,-1.49438279590712,-1.4319161877782336,1.823125246504454,0.4781202217201074
-45.20694172351913,2.802652621686708,1.7922064712848398,-0.532558319741137,1.9216529265847904,-1.7813781502074277,-0.6302583624569168,0.5963363547935369,-1.0798571319880954,-0.28782760267575114,0.16316198011608343,0.5690170913132535,-2.108875591259509,-1.8437037473485967,-0.6672232718326326,2.656048611718799,1.3724818238521892,0.011586112082538902,-1.2567527792891886,-1.349227574683316,1.5854500114143901,0.37667885483528674
-45.01295679172139,2.189626986247302,1.4215267352580414,-0.6869253519514618,1.8076592484741412,-1.8725114881660472,-0.40184740409781305,0.9282086506513314,-0.8869390158131408,-0.42628413563201895,0.14746757119839557,1.391513313514038,-1.8134539576320006,-1.355404630220475,-0.3724209610960485,2.2718350595357677,1.5307987211807599,0.40520968402911556,-0.7922412886911752,-0.9702855203722555,1.1060711625334796,0.1478138967436301
-44.81897185992366,1.576601350807896,1.050846999231243,-0.8412923841617864,1.6936655703634917,-1.9636448261246666,-0.1734364457387093,1.2600809465091258,-0.6940208996381863,-0.5647406685882868,0.13177316228070773,2.2140095357148226,-1.518032324004492,-0.8671055130923535,-0.07761865035946436,1.887621507352737,1.6891156185093306,0.7988332559756921,-0.32772979809316194,-0.5913434660611949,0.626692313652569,-0.08105106134802642
-44.62498692812592,0.9635757153684898,0.6801672632044444,-0.9956594163721111,1.5796718922528425,-2.054778164083286,0.05497451262039443,1.5919532423669203,-0.5011027834632318,-0.7031972015445546,0.11607875336301987,3.036505757915607,-1.2226106903769836,-0.3788063959642318,0.21718366037711978,1.503407955169706,1.8474325158379015,1.1924568279222687,0.1367816925048515,-0.2124014117501345,0.14731346477165874,-0.30991601943968305
-44.431001996328185,0.35055007992908394,0.3094875271776458,-1.1500264485824356,1.4656782141421933,-2.1459115020419053,0.2833854709794983,1.9238255382247147,-0.3081846672882772,-0.8416537345008225,0.10038434444533201,3.8590019801163917,-0.9271890567494749,0.10949272116388986,0.5119859711137038,1.119194402986675,2.0057494131664724,1.5860803998688453,0.601293183102865,0.16654064256092593,-0.3320653841092518,-0.5387809775313397
-44.23701706453045,0.09574253063696396,0.2420258277643571,-1.1663062135673479,1.2191492014449117,-1.8585225481934322,0.392140386940605,1.8965031251394349,-0.09511284859151437,-0.7317324399063481,0.04182113389140124,3.712776514948687,-0.5889838336792579,0.28518314529660005,0.6428383248192786,0.9147881109661439,1.9875666148587345,1.6728414931854805,0.6525745278497709,0.517911858594006,-0.48623844975665215,-0.7707276963568186
-44.043032132732705,0.054796525313474745,0.3555898218517629,-1.1001458190146576,0.8934946158600385,-1.3451501365495515,0.4294588596789937,1.6547361096999678,0.12999103131231243,-0.47352587513224503,-0.04233539107224228,2.9882097438890405,-0.2252361691506818,0.27424151390957124,0.6758101071630106,0.8177294369531243,1.8640108639322497,1.5764011067229537,0.4571513079093223,0.852822872670087,-0.44625880899589154,-1.0045142723368277
-43.849047200934976,0.013850519989988541,0.4691538159391605,-1.0339854244619724,0.5678400302751891,-0.8317777249057086,0.46677733241737973,1.4129690942605184,0.35509491121612274,-0.21531931035816088,-0.12649191603587961,2.2636429728294467,0.13851149537786767,0.26329988252254327,0.7087818895067401,0.7206707629401118,1.740455113005774,1.4799607202604341,0.2617280879688879,1.1877338867461436,-0.40627916823513377,-1.2383008483168196
-43.65506226913723,-0.027095485333500688,0.5827178100265663,-0.9678250299092822,0.242185444690316,-0.31840531326182786,0.5040958051557685,1.1712020788210515,0.5801987911199495,0.04288725441594221,-0.21064844099952318,1.5390762017698,0.5022591599064438,0.25235825113551447,0.741753671850472,0.6236120889270922,1.6168993620792889,1.3835203337979074,0.06630486802843927,1.5226449008222247,-0.3662995274743731,-1.4720874242968285
-43.4610773373395,-0.0680414906569869,0.6962818041139638,-0.9016646353565969,-0.08346914089453339,0.1949670983820151,0.5414142778941544,0.9294350633816022,0.8053026710237599,0.3010938191900264,-0.2948049659631605,0.8145094307102063,0.8660068244349931,0.24141661974848644,0.7747254541942016,0.5265534149140796,1.493343611152813,1.2870799473353878,-0.12911835191199506,1.8575559148982812,-0.32631988671361545,-1.7058740002768205
-43.26709240554176,0.14905763136874495,0.8337393550129617,-0.809305147691211,0.17019229585471526,0.17893449981492843,0.38961245022812047,0.8414222869006063,1.0103356017694767,0.35232717495460386,-0.13217291119812177,0.7491765486729449,0.7174329835099265,0.2576733018670749,1.0032847887509682,0.5394930940169755,1.357909861323127,1.4218852427098538,-0.13675422134337983,2.0132946317846114,-0.11656598766130066,-1.6432835235224255
-43.073107473744024,0.5463787470987262,0.9878844693994194,-0.698647880709021,0.8284553989961283,-0.20684128048688216,0.10572660323199007,0.8607934233430137,1.2013507267539631,0.2590078133156695,0.20281942147269516,1.1442609859530088,0.2110472975060521,0.29292563151339945,1.3684449534247964,0.6292570197405274,1.2141803662277166,1.7181954587324089,-0.01323702057792936,2.043897141109812,0.21176040924545125,-1.3736995496201496
-42.87912254194629,0.9436998628287075,1.1420295837858772,-0.5879906137268309,1.4867185021375413,-0.5926170607886927,-0.17815924376414027,0.880164559785421,1.3923658517384496,0.16568845167673518,0.537811754143512,1.5393454232330728,-0.29533838849782224,0.3281779611597241,1.7336051180986247,0.7190209454640792,1.0704508711323062,2.014505674754964,0.11028018018752112,2.074499650435013,0.5400868061522031,-1.1041155757178736
-42.68513761014855,1.3410209785586886,1.2961746981723348,-0.47733334674464095,2.1449816052789545,-0.9783928410905034,-0.46204509076027067,0.8995356962278284,1.5833809767229359,0.07236909003780084,0.872804086814329,1.9344298605131367,-0.8017240745016965,0.3634302908060487,2.098765282772453,0.8087848711876311,0.9267213760368957,2.310815890777519,0.2337973809529716,2.105102159760214,0.8684132030589549,-0.8345316018155975
-42.491152678350815,1.73834209428867,1.4503198125587924,-0.366676079762451,2.8032447084203675,-1.3641686213923139,-0.7459309377564012,0.9189068326702358,1.7743961017074223,-0.020950271601133497,1.2077964194851458,2.3295142977932004,-1.308109760505571,0.39868262045237335,2.4639254474462815,0.898548796911183,0.7829918809414853,2.6071261068000746,0.35731458171842206,2.1357046690854147,1.1967395999657067,-0.5649476279133214
-42.29716774655308,1.8787028325068513,1.3367107774309106,-0.1808765183353348,3.252410127855619,-1.5390289008949152,-0.9889581214518983,0.9128686029305053,1.7939703528646684,-0.21445636227311124,1.2709078443736068,2.362369616973831,-1.4679680039798666,0.5030062581258649,2.4938044605538323,0.7909879273629696,0.6553320807019547,2.412040967667061,0.4325725461644881,1.7760512251579972,1.267956561967045,-0.5235647821249398
-42.10318281475534,1.810011060206924,1.0052678579523437,0.06605575721647705,3.5314621774959982,-1.542296908560843,-1.1987443587333155,0.8861583464663203,1.6740672829421026,-0.4894703002940191,1.1128280222526572,2.100530060412501,-1.3459056162436116,0.663523502329942,2.2509123673023335,0.5228916311529548,0.5407459305146677,1.81717655654301,0.4685687590286756,1.0989014124826344,1.129999746418182,-0.6678370914122994
-41.909197882957606,1.7413192879069963,0.673824938473777,0.3129880327682889,3.8105142271363777,-1.5455649162267708,-1.4085305960147325,0.8594480900021353,1.554164213019537,-0.764484238314927,0.9547482001317076,1.8386905038511703,-1.2238432285073566,0.8240407465340189,2.008020274050834,0.25479533494294004,0.42615978032738056,1.2223121454189594,0.5045649718928632,0.4217515998072716,0.9920429308693186,-0.812109400699659
-41.71521295115987,1.6726275156070687,0.34238201899521026,0.5599203083201008,4.0895662767767575,-1.5488329238926988,-1.6183168332961495,0.8327378335379504,1.4342611430969712,-1.0394981763358349,0.7966683780107581,1.5768509472898402,-1.1017808407711016,0.984557990738096,1.765128180799335,-0.013300961267074696,0.3115736301400934,0.6274477342949085,0.5405611847570507,-0.25539821286809117,0.8540861153204555,-0.9563817099870187
-41.521228019362134,1.6039357433071413,0.010939099516643402,0.8068525838719125,4.3686183264171365,-1.5521009315586265,-1.8281030705775665,0.8060275770737654,1.3143580731744056,-1.3145121143567426,0.6385885558898085,1.31501139072851,-0.9797184530348465,1.1450752349421731,1.522236087547836,-0.2813972574770893,0.1969874799528063,0.03258332317085788,0.5765573976212383,-0.9325480255434537,0.7161292997715923,-1.1006540192743783
-41.3272430875644,1.5198456705833008,-0.07589480584982079,0.9645134624169767,4.1553990086730925,-1.4110038286569282,-1.8825480354075566,0.8162984872350869,1.1785660440824532,-1.2650472126445138,0.4617651196158742,1.1251706505308394,-0.9118817132346491,1.0912667687754347,1.6444090385826073,-0.4444640205830917,0.2502747372705022,-0.44304732400542346,0.5036498940720923,-1.190026783213329,0.5091483349702908,-1.0601880255402438
-41.13325815576666,1.421197204731395,0.06853799303519556,1.0377722928829198,3.476759489038244,-1.1334160757639968,-1.7901248881016274,0.8615334094787112,1.0277517263212603,-0.9088023170027234,0.26722044814275153,1.0034015185315495,-0.8953128587558237,0.8348230855308012,2.111734395124455,-0.5082301342089207,0.4622786707747537,-0.8059478670856135,0.32777887682305035,-1.0507256343324962,0.2369081745121277,-0.84506036349485
-40.939273223968925,1.3225487388794892,0.2129707919202119,1.111031123348863,2.7981199694033956,-0.8558283228710657,-1.6977017407956982,0.9067683317223355,0.8769374085600673,-0.552557421360933,0.07267577666962888,0.8816323865322594,-0.8787440042769982,0.5783794022861677,2.5790597516663025,-0.5719962478347497,0.6742826042790051,-1.1688484101658037,0.15190785957400849,-0.9114244854516633,-0.03533198594603548,-0.6299327014494561
-40.74528829217119,1.2239002730275834,0.35740359080522827,1.184289953814806,2.119480449768547,-0.5782405699781346,-1.605278593489769,0.9520032539659599,0.7261230907988744,-0.19631252571914248,-0.12186889480349383,0.7598632545329693,-0.8621751497981728,0.3219357190415342,3.04638510820815,-0.6357623614605787,0.8862865377832566,-1.5317489532459936,-0.02396315767503343,-0.7721233365708304,-0.3075721464041986,-0.4148050394040623
-40.55130336037345,1.1252518071756774,0.5018363896902447,1.2575487842807491,1.4408409301336986,-0.3006528170852034,-1.5128554461838402,0.9972381762095841,0.5753087730376814,0.1599323699226478,-0.31641356627661643,0.6380941225336794,-0.8456062953193473,0.06549203579690066,3.5137104647499977,-0.6995284750864077,1.0982904712875081,-1.8946494963261837,-0.1998341749240753,-0.6328221876899974,-0.5798123068623617,-0.19967737735866842
-40.35731842857572,0.9243221922133238,0.6156204392604756,1.102735601572929,1.089676326634932,-0.28809692001518455,-1.2914440565516365,0.9779175263388963,0.25608033505797656,0.23076743738992958,-0.15639342890159796,0.45236855955425836,-0.7251814024346763,-0.08470448547479907,3.678182478517246,-0.8031873240762761,1.0653850551770794,-2.063751448284498,-0.06325058945921608,-0.6196589744157328,-0.6490930517537654,-0.12016883166247391
-40.16333349677798,0.6110838645022243,0.6957509601713291,0.6974904043997585,1.0980920232072164,-0.5665563940448828,-0.9283985184827156,0.8877123266956186,-0.24807341139698758,-0.011788679020732773,0.39295277309105225,0.19641632726330932,-0.4907185065945481,-0.11823745634482656,3.510109645316251,-0.9506499609168618,0.763559568901467,-2.020054947246207,0.4164204029072386,-0.7450001610232131,-0.4955163991600632,-0.18957539411444466
-39.96934856498024,0.29784553679111336,0.7758814810821855,0.2922452072265731,1.1065077197795008,-0.8450158680745912,-0.5653529804137815,0.7975071270523375,-0.7522271578519704,-0.25434479543140404,0.9422989750837225,-0.05953590502764905,-0.2562556107544113,-0.15177042721485529,3.34203681211525,-1.0981125977574528,0.4617340826258437,-1.9763584462079145,0.8960913952737108,-0.8703413476306978,-0.3419397465663554,-0.2589819565664179
-39.77536363318251,-0.015392790919974697,0.856012001993036,-0.11299998994658256,1.1149234163517847,-1.1234753421042791,-0.20230744234487386,0.7073019274090631,-1.256380904306916,-0.4969009118420575,1.4916451770763526,-0.3154881373185887,-0.02179271491429169,-0.18530339808488155,3.1739639789142613,-1.245575234598033,0.15990859635024246,-1.932661945169625,1.375762387640148,-0.9956825342381734,-0.18836309397265882,-0.3283885190183861
-39.581378701384764,-0.32863111863108574,0.9361425229038924,-0.5182451871197677,1.1233391129240693,-1.4019348161339875,0.16073809572406028,0.6170967277657821,-1.7605346507618989,-0.7394570282527286,2.040991379069023,-0.5714403696095471,0.2126701809258451,-0.21883636895491027,3.00589114571326,-1.3930378714386242,-0.14191688992538087,-1.8889654441313324,1.85543338000662,-1.1210237208456584,-0.03478644137895104,-0.3977950814703594
-39.387393769587035,-0.5085521529468394,0.8712648887028476,-0.828335830143505,0.8674330092096172,-1.452601440928218,0.5178529636757883,0.6509048487569343,-1.9931652081477267,-0.7044508045812569,2.3101289349717047,-0.8415663596207883,0.4239167981333404,-0.2345688583014853,2.9113611666302512,-1.2421218760602304,-0.10660264465498459,-1.873917722746258,2.0105708308919006,-0.9824457889585567,-0.010514307082904843,-0.46573222335945835
-39.19340883778929,-0.5182808978216985,0.6212704607418711,-1.0169525742530743,0.27409482002260765,-1.212468683719645,0.8673967633928424,0.8430278471537918,-1.8791704177856494,-0.31510967867716655,2.2215533256530797,-1.1297865084239294,0.6055256128311081,-0.22757732868194608,2.9107156821659634,-0.710296988487266,0.35910274727001973,-1.895442911556788,1.751410143716006,-0.5069498334612365,-0.1513117706136986,-0.5317935092108562
-38.999423905991556,-0.5280096426965571,0.3712760327809038,-1.2055693183626368,-0.31924336916438034,-0.972335926511081,1.216940563109884,1.0351508455506422,-1.7651756274235761,0.07423144722690955,2.1329777163344583,-1.41800665722706,0.7871344275288691,-0.22058579906240716,2.910070197701675,-0.17847210091432109,0.8248081391950068,-1.916968100367317,1.4922494565401205,-0.03145387796393351,-0.2921092341444872,-0.5978547950622517
-38.80543897419382,-0.5377383875714158,0.12128160481993644,-1.3941860624721991,-0.9125815583513683,-0.732203169302517,1.5664843628269254,1.2272738439474926,-1.6511808370615029,0.46357257313098565,2.0444021070158365,-1.7062268060301906,0.96874324222663,-0.21359426944286822,2.9094247132373874,0.3533527866586237,1.290513531119994,-1.938493289177846,1.2330887693642354,0.44404207753336933,-0.4329066976752758,-0.6639160809136471
-38.61145404239608,-0.5474671324462745,-0.12871282314103072,-1.5828028065817614,-1.5059197475383563,-0.49207041209395297,1.9160281625439668,1.419396842344343,-1.5371860466994298,0.8529136990350619,1.9558264976972146,-1.9944469548333212,1.150352056924391,-0.20660273982332927,2.9087792287730996,0.8851776742315685,1.7562189230449814,-1.960018477988375,0.97392808218835,0.9195380330306722,-0.5737041612060644,-0.7299773667650424
-38.41746911059835,-0.671921080251338,-0.13075180177566284,-1.5636600620408916,-1.6564943846833722,-0.4616563627582636,1.9229340463158142,1.4682350367694776,-1.3218646931958045,1.0663133388547616,1.7819582755800207,-1.9614590227825295,0.9548046394270613,-0.3176201626188338,2.756868287008652,1.2744566102638242,1.8896406242876347,-1.8122735361539424,0.5046072567991399,1.2527639184679253,-0.5199056164895594,-0.6266357069334134
-38.22348417880061,-0.9671288184641782,0.2362591906801293,-1.235293892531882,-1.1480721071611524,-0.7433817856055125,1.4198672179830973,1.3038121276087644,-0.9557317108303077,1.0178465807813901,1.4811429088323718,-1.4503939471351188,0.19790841122066039,-0.6042788169158291,2.379818059960206,1.4515741300494345,1.528500553351844,-1.4125916556851046,-0.27751005337274837,1.3742390019552997,-0.17647580368400845,-0.2711594302711919
-38.029499247002875,-1.2623365566770184,0.6032701831359213,-0.9069277230228724,-0.6396498296389326,-1.0251072084527613,0.9168003896503802,1.1393892184480514,-0.589598728464811,0.9693798227080187,1.1803275420847226,-0.9393288714877082,-0.5589878169857407,-0.8909374712128244,2.0027678329117604,1.6286916498350448,1.1673604824160533,-1.0129097752162668,-1.0596273635446365,1.495714085442674,0.16695400912154235,0.08431684639102954
-37.83551431520514,-1.5575442948898586,0.9702811755917133,-0.5785615535138628,-0.131227552116713,-1.30683263130001,0.41373356131766315,0.9749663092873383,-0.22346574609931413,0.9209130646346472,0.8795121753370734,-0.4282637958402975,-1.3158840451921416,-1.1775961255098197,1.6257176058633147,1.8058091696206549,0.8062204114802625,-0.6132278947474288,-1.8417446737165246,1.6171891689300484,0.5103838219270933,0.439793123053251
-37.6415293834074,-1.8527520331026988,1.3372921680475056,-0.2501953840048532,0.3771947254055066,-1.588558054147259,-0.08933326701505395,0.8105434001266252,0.14266723626618272,0.8724463065612756,0.5786968085894242,0.08280127980711294,-2.0727802733985423,-1.4642547798068148,1.248667378814869,1.9829266894062654,0.4450803405444719,-0.213546014278591,-2.6238619838884127,1.738664252417423,0.8538136347326442,0.7952693997154725
-37.447544451609666,-1.8533295091096675,1.591976296481482,0.0679147652935987,0.7863979969926921,-1.8010747985627484,-0.4256494065162625,0.7426801156909171,0.517463031195516,0.8331431638110778,0.5151725633688301,0.46633170420693754,-2.4480236896999816,-1.5592041617200738,1.0161742190925434,1.984599362609572,0.19984085075401906,-0.053099648325463406,-2.851037988636211,1.5812937602926325,1.0598456545530768,0.887852515161385
-37.25355951981193,-1.3401926817832273,1.6508084568773858,0.36814262294286976,1.0226040274623494,-1.8929200010971994,-0.47122075523427576,0.8431772025706332,0.9073632172617985,0.80981760675257,0.8653866838877923,0.6274940187391344,-2.1578211775516216,-1.3198912225539357,1.0357292793234993,1.6803682007462413,0.15668442552470557,-0.30978187178441924,-2.1106240249520867,0.937730982485004,1.026312291732747,0.5220578110505723
-37.05957458801419,-0.8270558544567872,1.7096406172732892,0.6683704805921408,1.2588100579320067,-1.98476520363165,-0.5167921039522891,0.9436742894503493,1.2972634033280808,0.7864920496940623,1.2156008044067546,0.7886563332713312,-1.8676186654032616,-1.0805782833877977,1.055284339554455,1.3761370388829106,0.11352800029539212,-0.5664640952433752,-1.3702100612679622,0.2941682046773755,0.9927789289124171,0.15626310693975964
-36.86558965621646,-0.3139190271303469,1.7684727776691929,0.9685983382414118,1.495016088401664,-2.0766104061661013,-0.5623634526703024,1.0441713763300653,1.6871635893943633,0.7631664926355546,1.5658149249257167,0.949818647803528,-1.5774161532549016,-0.8412653442216597,1.0748393997854109,1.0719058770195802,0.07037157506607866,-0.8231463187023309,-0.6297960975838377,-0.349394573130253,0.9592455660920873,-0.20953159717105296
-36.67160472441872,0.19921780019609336,1.8273049380650965,1.2688261958906828,1.731222118871321,-2.168455608700552,-0.6079348013883157,1.1446684632097814,2.077063775460646,0.7398409355770468,1.916029045444679,1.1109809623357247,-1.2872136411065418,-0.6019524050555216,1.0943944600163666,0.7676747151562495,0.027215149836765207,-1.0798285421612868,0.11061786610028657,-0.9929573509378813,0.9257122032717575,-0.5753263012818657
-36.477619792620985,0.6102613535794259,1.6648409289199302,1.5159781660352376,1.7375601545556996,-1.8722508480022948,-0.7169861669664157,1.298987007760371,2.1890310215243853,0.6746368701388374,2.110241550903821,1.3084634000604687,-1.1420872474645574,-0.4751585056255345,1.1903868650461065,0.4236619658284555,0.12339479819712613,-1.20373707700086,0.6361127998921743,-1.355889996924967,1.0232044721578464,-0.9103260721479027
-36.28363486082324,0.8112844577083327,1.047139085290166,1.6539454533129314,1.2710268866816814,-0.777771877225129,-0.9566249957995852,1.564023979519646,1.729250505297052,0.5232827303195053,1.9835364482398385,1.5806615197813338,-1.2954031547500375,-0.5798323450813924,1.4436218079476706,-0.002187191997695237,0.506208655084887,-1.0545111666805016,0.7194885864770916,-1.141526371738244,1.3902351834114914,-1.1819762660532567
-36.08964992902551,1.012307561837225,0.4294372416604473,1.7919127405906152,0.8044936188076977,0.3167070935519569,-1.1962638246327368,1.8290609512789016,1.269469989069752,0.3719285905001843,1.8568313455758654,1.8528596395021792,-1.4487190620355062,-0.6845061845372427,1.696856750849216,-0.4280363498238149,0.8890225119726198,-0.9052852563601543,0.8028643730620029,-0.9271627465515371,1.7572658946651094,-1.4536264599585906
-35.89566499722777,1.2133306659661318,-0.18826460196931682,1.9298800278683093,0.3379603509336795,1.4111860643291227,-1.4359026534659063,2.0940979230381767,0.8096894728424184,0.22057445068085224,1.7301262429118829,2.1250577592230444,-1.6020349693209863,-0.7891800239931004,1.95009169375078,-0.8538855076499656,1.2718363688603807,-0.756059346039796,0.8862401596469202,-0.7127991213648143,2.1242966059187545,-1.7252766538639444
-35.70168006543004,1.414353770095024,-0.8059664455990356,2.0678473151459933,-0.12857291694030448,2.505665035106208,-1.6755414822990582,2.359134894797432,0.34990895661511856,0.06922031086153124,1.6034211402479097,2.3972558789438896,-1.7553508766064552,-0.8938538634489507,2.203326636652325,-1.2797346654760853,1.6546502257481135,-0.6068334357194487,0.9696159462318314,-0.49843549617810723,2.4913273171723724,-1.9969268477692783
-35.507695133632296,1.5379838087563176,-1.1569543343196358,1.986360338932956,-0.4316335959923298,3.1058714469421385,-1.8584320960991454,2.4427669677530934,0.0009416558664015334,-0.1114735823947092,1.4760309290797469,2.443119697393733,-1.7907255251022813,-0.9566096525245344,2.329419392159345,-1.5049504521052364,1.7404108615885916,-0.5042410972830536,0.961262209434237,-0.29711144145211976,2.7610877661625395,-2.098620154419727
-35.31371020183457,1.4718760094970003,-0.854062849714511,1.366856458678128,-0.3339227669646044,2.49431287556724,-1.9021980536890803,2.081664450093432,-0.07635453596696931,-0.3640971937543253,1.346961097062636,1.9340994224049322,-1.536953861726693,-0.9165986084097634,2.1438087205055347,-1.2382908770901073,1.0979119877647499,-0.5159762254008993,0.7280231895053222,-0.1277553659202084,2.7923791850873827,-1.7836449632839448
-35.119725270036824,1.405768210237678,-0.551171365109364,0.7473525784232546,-0.23621193793687179,1.8827543041922972,-1.9459640112790184,1.7205619324337436,-0.15365072780034578,-0.6167208051139599,1.2178912650455158,1.4250791474160942,-1.2831821983510858,-0.8765875642949894,1.958198048851711,-0.9716313020749588,0.4554131139408608,-0.5277113535187459,0.49478416957639026,0.041600709611715414,2.8236706040122286,-1.4686697721481399
-34.925740338239095,1.3396604109783607,-0.24827988050423921,0.12784869816842637,-0.13850110890914635,1.2711957328173988,-1.9897299688689534,1.3594594147740822,-0.2309469196337166,-0.869344416473576,1.088821433028405,0.9160588724272933,-1.0294105349754972,-0.8365765201802183,1.772587377197901,-0.7049717270598299,-0.18708575988298115,-0.5394464816365915,0.26154514964747544,0.21095678514362676,2.854962022937072,-1.1536945810123578
-34.73175540644135,1.2735526117190386,0.05461160410090771,-0.491655182086447,-0.040790279881413816,0.6596371614424559,-2.033495926458891,0.9983568971143941,-0.3082431114670931,-1.1219680278332107,0.9597516010112846,0.40703859743845516,-0.7756388715998901,-0.7965654760654444,1.5869767055440773,-0.43831215204468155,-0.8295846337068697,-0.5511816097544381,0.028306129718543405,0.38031286067555053,2.8862534418619177,-0.8387193898765528
-34.53777047464362,1.17420798805518,0.3621864256920495,-0.9081026586792225,0.022138153550137055,0.2725482654925178,-1.9270043031404545,0.650621349714265,-0.32864494724044857,-1.2824526348450278,0.8216175922159936,-0.038388824418636544,-0.6025027803012251,-0.6645223070385607,1.3627751719531682,-0.24844136574272463,-1.426623570012213,-0.553787802168082,-0.1320947035179554,0.527677546295025,2.8264952603872984,-0.6720321952522357
-34.34378554284588,0.9763838846741093,0.6836378013158633,-0.722901531828641,-0.017992362932944796,0.5505547041353235,-1.375305032685893,0.34249164012014993,-0.18047091320627678,-1.1699327845299226,0.6566267633371832,-0.29539297773727996,-0.6682869025639097,-0.25979136049417484,1.024230343733751,-0.28609291636877304,-1.8889663951516171,-0.5293452961988937,-0.07667868729535876,0.6098825580998528,2.4969604851363685,-0.9447168421435546
-34.14980061104814,0.7785597812930463,1.0050891769396655,-0.5377004049780663,-0.05812287941602518,0.8285611427781191,-0.823605762231352,0.03436193052604619,-0.03229687917211044,-1.0574129342148215,0.49163593445837883,-0.552397131055914,-0.7340710248265919,0.1449395860501964,0.6856855155143461,-0.32374446699482007,-2.351309220291004,-0.5049027902297064,-0.02126267107276414,0.6920875699046778,2.1674257098854506,-1.2174014890348637
-33.955815679250406,0.580735677911983,1.3265405525634675,-0.3524992781274917,-0.09825339589910556,1.1065675814209146,-0.2719064917768108,-0.2737677790680575,0.11587715486205591,-0.9448930838997205,0.3266451055795745,-0.8094012843745481,-0.7998551470892741,0.5496705325945674,0.3471406872949412,-0.36139601762086704,-2.8136520454303913,-0.48046028426051907,0.03415334514983048,0.7742925817095025,1.8378909346345327,-1.4900861359261726
-33.76183074745267,0.38291157453091984,1.6479919281872695,-0.16729815127691694,-0.13838391238218595,1.38457402006371,0.27979277867773034,-0.5818974886621613,0.26405118889622226,-0.8323732335846195,0.16165427670077015,-1.0664054376931822,-0.8656392693519563,0.9544014791389386,0.008595859075536172,-0.3990475682469141,-3.275994870569779,-0.4560177782913317,0.0895693613724251,0.8564975935143275,1.508356159383615,-1.7627707828174817
-33.567845815654934,0.3500674757311399,1.9290259450618708,0.06025194570226976,-0.10984771824503542,1.6094446441016954,0.7552005804535986,-0.7986959844606536,0.46702764693348664,-0.6423545958602348,0.04135718573997352,-1.1028406465208713,-0.8188438868920946,1.2031761406193557,-0.2639559051764904,-0.39534640107615554,-3.5441184968364676,-0.4310602678991658,0.056532272049595655,0.861303445193687,1.2360273956810195,-1.841944910820898
-33.3738608838572,0.919759045837073,2.062448738678482,0.4424678466294712,0.1694712451138932,1.6402540321916272,0.9519786705333715,-0.6819370037881305,0.8701520882864653,-0.16929690846708878,0.08428939847976935,-0.33371971025098734,-0.3608885741410961,0.882371326213879,-0.2954895227649866,-0.2406179167344156,-3.1029198315679003,-0.404221871788295,-0.29955094187399656,0.5834341033712733,1.1726249350245261,-1.2143849698422624
-33.17987595205946,1.4894506159430059,2.1958715322950937,0.8246837475566726,0.4487902084728218,1.6710634202815593,1.1487567606131444,-0.5651780231156074,1.273276529639444,0.30376077892605724,0.12722161121956518,0.43540122601889664,0.09706673860990245,0.5615665118084024,-0.3270231403534828,-0.08588943239267566,-2.6617211662993334,-0.37738347567742414,-0.6556341557975889,0.3055647615488597,1.1092224743680328,-0.5868250288636265
-32.985891020261725,2.059142186048939,2.329294325911705,1.206899648483874,0.7281091718317504,1.7018728083714911,1.3455348506929172,-0.44841904244308417,1.6764009709924226,0.7768184663192033,0.17015382395936102,1.2045221622887805,0.555022051360901,0.24076169740292586,-0.35855675794197894,0.06883905194906426,-2.220522501030766,-0.35054507956655334,-1.0117173697211812,0.02769541972644607,1.0458200137115392,0.04073491211500957
-32.79190608846399,2.628833756154872,2.462717119528317,1.5891155494110756,1.0074281351906789,1.7326821964614232,1.54231294077269,-0.33166006177056107,2.0795254123454012,1.249876153712349,0.21308603669915685,1.9736430985586644,1.0129773641118995,-0.08004311700255085,-0.3900903755304751,0.22356753629080417,-1.779323835762199,-0.3237066834556825,-1.3678005836447733,-0.25017392209596745,0.9824175530550459,0.6682948530936452
-32.59792115666625,2.988834086387463,2.4796850893418623,1.8029026836986464,1.176840589307471,1.7169039384332452,1.6434966949936223,-0.232038717986481,2.315952183530172,1.5672730873157625,0.2937486602998954,2.539668932916519,1.3370669467827516,-0.3303027030405426,-0.4530783079992995,0.3377375485952662,-1.4364538935871813,-0.2917590112510079,-1.5794311450010083,-0.4891050317513008,0.9420147269466561,1.1153016985015827
-32.40393622486852,2.3776328845748087,1.957283348909464,1.23659868828664,0.837212369039476,1.485351319436913,1.301927735762948,-0.2117916924225823,1.780305534988273,1.163714950734933,0.5491626605197897,2.1650437689446904,1.0411468322401058,-0.2538264945342952,-0.6617493830717935,0.2640577956743842,-1.5490011952140037,-0.23614732345397188,-1.1220178418345441,-0.5476906450537857,1.008136524008463,0.7260626275818223
-32.20995129307077,1.7664316827621318,1.4348816084770468,0.6702946928746127,0.4975841487714687,1.2537987004405724,0.9603587765322612,-0.19154466685868282,1.2446588864463544,0.7601568141540886,0.8045766607396934,1.790418604972848,0.7452267176974493,-0.17735028602804495,-0.8704204581442954,0.19037804275349948,-1.66154849684083,-0.18053563565693387,-0.664604538668063,-0.6062762583562726,1.0742583210702725,0.33682355666204766
-32.015966361273044,1.1552304809494995,0.9124798680446677,0.10399069746262701,0.1579559285034864,1.022246081444249,0.6187898173015993,-0.17129764129478486,0.7090122379044748,0.3565986775732739,1.0599906609595784,1.4157934410010333,0.4493066031548144,-0.1008740775218003,-1.0790915332167819,0.11669828983262015,-1.7740957984676484,-0.12492394785989988,-0.20719123550161545,-0.6648618716587554,1.140380118132077,-0.052415514257698526
-31.821981429475304,0.5440292791368337,0.39007812761226024,-0.4623132979493898,-0.18167229176451483,0.7906934624479127,0.2772208580709188,-0.15105061573088577,0.17336558936256585,-0.04695945900756304,1.3154046611794774,1.041168277029198,0.1533864886121632,-0.024397869015551465,-1.2877626082892797,0.04301853691173679,-1.8866431000944728,-0.06931226006286287,0.2502220676648572,-0.7234474849612413,1.2065019151938852,-0.44165458517746603
-31.627996497677568,-0.04857999256403432,-0.05117023676799964,-0.9575991895955238,-0.4539956948365578,0.5916864524745833,-0.035790952907427495,-0.16728136446568953,-0.29809440741512827,-0.37818855428739884,1.5237125666995242,0.714508658769174,-0.028770514786336368,0.05523916979447339,-1.4619740287536618,-0.045865700879108635,-1.9068458517097377,-0.04587276402951601,0.6038369091853064,-0.7243759857701366,1.2830491534854125,-0.7239025180989949
-31.434011565879832,-0.5271587595792899,0.005322105304814542,-1.0173073781443456,-0.3135162191067988,0.5922925111756531,-0.17365225460484365,-0.4072424622325156,-0.37587627337240165,-0.2657995295878465,1.4431030913938638,0.68203772087486,0.4868195634992002,0.15426263446766506,-1.4248329009549758,-0.22800411253905467,-1.360668696587499,-0.21975604414677907,0.32082118594358383,-0.37167419661837936,1.4235390979858842,-0.34993813796476175
-31.240026634082096,-1.0057375265945456,0.061814447377628715,-1.0770155666931673,-0.17303674337703978,0.5928985698767227,-0.3115135563022598,-0.6472035599993416,-0.4536581393296751,-0.15341050488829414,1.3624936160882037,0.649566782980546,1.0024096417847368,0.25328609914085676,-1.3876917731562897,-0.41014252419900066,-0.8144915414652605,-0.3936393242640422,0.03780546270186125,-0.01897240746662221,1.5640290424863563,0.024026242169471357
-31.04604170228436,-1.484316293609801,0.11830678945044289,-1.136723755241989,-0.032557267647280785,0.5935046285777924,-0.44937485799967597,-0.8871646577661678,-0.5314400052869485,-0.0410214801887418,1.2818841407825434,0.617095845086232,1.5179997200702733,0.35230956381404843,-1.3505506453576037,-0.5922809358589467,-0.26831438634302174,-0.5675226043813052,-0.2452102605398614,0.333729381685135,1.704518986986828,0.3979906223037044
-30.852056770486623,-1.9628950606250568,0.17479913152325705,-1.1964319437908109,0.10792220808247821,0.5941106872788621,-0.5872361596970921,-1.1271257555329939,-0.6092218712442219,0.07136754451081057,1.201274665476883,0.5846249071919181,2.03358979835581,0.4513330284872401,-1.3134095175589178,-0.7744193475188926,0.277862768779217,-0.7414058844985684,-0.5282259837815839,0.6864311708368922,1.8450089314873,0.7719550024379376
-30.658071838688887,-2.343650089785917,0.19753195558275755,-1.1975839429972173,0.2584486080675686,0.5549181894380256,-0.6977808486138084,-1.3463385080804626,-0.6354154932255689,0.20907378440000218,1.1326225095865674,0.5705658854270453,2.4146262893871464,0.5467482902565775,-1.287198300264319,-0.9259455775728043,0.771353332363829,-0.8405495273823694,-0.7456388716795042,0.9711674792426003,1.9646797277489494,1.0712138012963932
-30.46408690689115,-1.8706706794901606,-0.07436374120123318,-0.687700107942498,0.4966572560991944,0.16839283450415993,-0.5699260078080319,-1.3844747932589774,-0.2113844405078814,0.5677302659442474,1.1683251413210858,0.7171926771554928,1.6213769280180834,0.6106737812286389,-1.3563753928235802,-0.8103109499740275,0.8050336425291135,-0.28741997259226293,-0.39051792384964173,0.6627505011372827,1.902656139380858,0.718496618111642
-30.27010197509341,-1.3976912691943955,-0.3462594379852289,-0.17781627288776947,0.7348659041308246,-0.21813252042971287,-0.44207116700225324,-1.422611078437493,0.21264661220981385,0.9263867474884993,1.2040277730556048,0.8638194688839431,0.8281275666490058,0.6745992722007017,-1.425552485382843,-0.6946763223752486,0.8387139526943986,0.2657095821978537,-0.035396976019772874,0.3543335230319594,1.840632551012766,0.36577943492688425
-30.076117043295675,-0.9247118588986389,-0.6181551347692196,0.33206756216694955,0.9730745521624504,-0.6046578753635787,-0.3142163261964769,-1.4607473636160078,0.6366776649275012,1.2850432290327445,1.2397304047901234,1.0104462606123905,0.03487820527994279,0.7385247631727632,-1.4947295779421044,-0.5790416947764718,0.872394262859683,0.8188391369879604,0.3197239718100895,0.04591654492664188,1.7786089626446746,0.013062251742133046
-29.88213211149794,-0.45173244860288264,-0.8900508315532103,0.8419513972216688,1.2112832001940763,-0.9911832302974444,-0.18636148539070052,-1.4988836487945227,1.0607087176451888,1.6436997105769895,1.2754330365246418,1.1570730523408381,-0.7583711560891202,0.8024502541448246,-1.5639066705013656,-0.4634070671776951,0.9060745730249675,1.3719686917780667,0.674844919639952,-0.2625004331786758,1.7165853742765833,-0.33965493144261827
-29.688147179700202,0.01344511691817308,-1.1317891269535334,1.3098272487714777,1.4069564775987367,-1.342835696486693,-0.06121124307831157,-1.5365365294667015,1.4334221219087804,1.934707455820894,1.2877504051505948,1.2763597084717488,-1.499457890337164,0.8468653784169927,-1.6191460118665413,-0.36206891319967827,0.9183132145312113,1.857109039634884,0.96616354236359,-0.5759493004191761,1.6449921417546092,-0.6436314366080792
-29.494162247902466,0.3671677570862412,-0.942707402586727,1.1775890502505124,0.9949816031889728,-1.1963040377523195,0.025301877899930034,-1.5672836314769294,1.0730262625416702,1.2593046824874996,0.9659925865109835,1.0050729989231568,-1.4953642371412998,0.6125609784046802,-1.4752746218874278,-0.4649660966613014,0.6242423037651252,1.3709750027294132,0.34602037785450634,-0.961282298162363,1.436689707034164,-0.2513125414972416
-29.30017731610473,0.7208903972543095,-0.7536256782199209,1.0453508517295473,0.583006728779209,-1.049772379017946,0.11181499887817162,-1.5980307334871575,0.7126304031745603,0.5839019091541051,0.6442347678713722,0.7337862893745649,-1.4912705839454357,0.37825657839236754,-1.3314032319083142,-0.5678632801229245,0.3301713929990393,0.8848409658239422,-0.27412278665457723,-1.3466152959055497,1.2283872723137188,0.14100635361359615
-29.106192384306993,1.0746130374223775,-0.5645439538531146,0.913112653208582,0.17103185436944512,-0.9032407202835726,0.19832811985641322,-1.6287778354973856,0.35223454380745034,-0.09150086417928915,0.32247694923176096,0.4624995798259729,-1.4871769307495715,0.14395217838005492,-1.1875318419292007,-0.6707604635845477,0.03610048223295337,0.39870692891847126,-0.8942659511636608,-1.7319482936487367,1.0200848375932736,0.5333252487244338
-28.912207452509257,1.4283356775904457,-0.37546222948630836,0.7808744546876168,-0.24094302004031865,-0.7567090615491991,0.2848412408346548,-1.6595249375076138,-0.00816131555965982,-0.7669036375126834,0.0007191305921496749,0.191212870277381,-1.4830832775537073,-0.09035222163225765,-1.0436604519500872,-0.7736576470461708,-0.25797042853313246,-0.08742710798699971,-1.5144091156727444,-2.1172812913919237,0.8117824028728282,0.9256441438352714
-28.71822252071152,1.7654258638675777,-0.19647012814076908,0.6637383622008299,-0.6357670343983906,-0.5986361171850059,0.3661806752597733,-1.6822391597481634,-0.3562298253358331,-1.4037900731824864,-0.30579140832119955,-0.08615207871167671,-1.4666733488523653,-0.3185112901543414,-0.9010095826880653,-0.8588298514955581,-0.5390279077422055,-0.5595929608827183,-2.113006748383481,-2.462381636278133,0.6063499639367177,1.3047381706936718
-28.524237588913785,1.5259243152579591,-0.36725162486639995,1.0701419455664314,-0.4360279002968237,-0.04046527098638786,0.2681656425096596,-1.4264802166393942,-0.2769502159588227,-0.7054434698455506,-0.0837295833899151,-0.5742293283038986,-1.0232992026270855,-0.33363220034813323,-0.8006700982852902,-0.3295361168530764,-0.3689530929740672,-0.5475284347728813,-1.9646926120835975,-1.4127500154534642,0.5004107121910416,1.22537009813348
-28.33025265711605,1.2864227666483408,-0.5380331215920309,1.4765455289320326,-0.23628876619525685,0.5177055752122302,0.17015060975954577,-1.170721273530625,-0.1976706065818123,-0.007096866508614852,0.13833224154136936,-1.0623065778961205,-0.5799250564018055,-0.3487531105419251,-0.7003306138825152,0.19975761778940537,-0.1988782782059289,-0.5354639086630443,-1.816378475783714,-0.36311839462879547,0.3944714604453655,1.1460020255732883
-28.13626772531831,1.0469212180387177,-0.7088146183176648,1.8829491122976414,-0.036549632093686335,1.0758764214108585,0.07213557700943019,-0.914962330421851,-0.11839099720480045,0.6912497368283339,0.360394066472658,-1.5503838274883515,-0.13655091017651744,-0.36387402073571723,-0.5999911294797382,0.7290513524318967,-0.028803463437787502,-0.5233993825532071,-1.668064339483828,0.6865132261958924,0.28853220869968754,1.066633953013095
-27.942282793520572,0.8074196694290992,-0.8795961150432957,2.2893526956632426,0.16318950200788052,1.6340472676094766,-0.025879455740683566,-0.6592033873130818,-0.039111387827790056,1.3895963401652693,0.5824558914039424,-2.0384610770805733,0.3068232360487624,-0.3789949309295091,-0.4996516450769631,1.2583450870743782,0.14127135133035085,-0.5113348564433701,-1.5197502031839443,1.7361448470205607,0.18259295695401145,0.9872658804529032
-27.748297861722836,0.5679181208194806,-1.0503776117689267,2.6957562790288443,0.3629286361094475,2.1922181138080945,-0.12389448849079732,-0.4034444442043126,0.04016822154922034,2.087942943502205,0.8045177163352268,-2.5265383266727954,0.7501973822740422,-0.3941158411233009,-0.39931216067418795,1.7876388217168602,0.3113461660984891,-0.49927033033353313,-1.3714360668840608,2.7857764678452295,0.07665370520833537,0.9078978078927114
-27.5543129299251,0.30384397550948006,-0.8860387019743986,2.5567354311084958,0.4914422272419412,2.1059643939165125,-0.1989436365235475,-0.30474954340365257,0.5816479072817824,2.0523253628406994,1.1619611390225213,-1.9862380327453109,0.8276994749212512,-0.10913945012942561,-0.3841900039802901,2.213091578908213,0.21370909281476103,-0.4409244297718529,-1.116298760797192,2.411736246163868,0.08950706457992172,1.1393749321325315
-27.360327998127364,0.03953801324947526,-0.7185382789108031,2.4125690696854347,0.619283879289819,2.0136311969863256,-0.27377612526651063,-0.20753637885118653,1.1274879710931835,2.0097835917640934,1.52068174659431,-1.4362360638789324,0.901749944421487,0.17866804747943615,-0.3698717843402518,2.6375647042368167,0.11354643568147954,-0.38214191247005974,-0.8601536889576124,2.0242651580437294,0.10348110896205161,1.373784558228964
-27.166343066329627,-0.22476794901052954,-0.5510378558472077,2.2684027082623732,0.7471255313376969,1.921298000056139,-0.34860861400947374,-0.11032321429872055,1.6733280349045847,1.9672418206874875,1.8794023541660991,-0.8862340950125538,0.9758004139217229,0.46647554508829786,-0.35555356470021354,3.06203782956542,0.013383778548198055,-0.3233593951682665,-0.6040086171180329,1.6367940699235914,0.1174551533441815,1.6081941843253968
-26.97235813453189,-0.48907391127053423,-0.3835374327836121,2.124236346839312,0.8749671833855748,1.8289648031259522,-0.42344110275243685,-0.013110049746254515,2.219168098715986,1.9247000496108817,2.238122961737888,-0.33623212614617515,1.0498508834219586,0.7542830426971596,-0.3412353450601753,3.4865109548940234,-0.08677887858508343,-0.2645768778664733,-0.34786354527845353,1.2493229818034535,0.1314291977263114,1.8426038104218296
-26.778373202734155,-0.753379873530539,-0.2160370097200166,1.980069985416251,1.0028088354334526,1.7366316061957654,-0.49827359149539996,0.08410311480621147,2.765008162527387,1.8821582785342756,2.5968435693096774,0.21376984272020305,1.1239013529221944,1.0420905403060212,-0.32691712542013696,3.910984080222627,-0.18694153571836492,-0.2057943605646801,-0.09171847343887407,0.8618518936833153,0.14540324210844127,2.0770134365182624
-26.58438827093642,-0.5683119886439052,0.15273042122706543,1.8789074011769076,1.0610388827014268,1.4613963700623647,-0.4618382088992069,0.3983233934320127,2.578143987673338,1.6804497233127218,2.3715328029002736,0.36762422804266,0.5710669937293145,0.8862826992828496,-0.2008580380777728,3.2327675907311204,-0.18435422926864745,0.3798757125804828,-0.29848987997573007,1.0972812822665654,-0.16891037853838348,1.5972645733927195
-26.390403339138683,-0.36121597399517624,0.5313638819723596,1.7798528452308842,1.115856596401758,1.1771953476935104,-0.4199485188844265,0.723181275688862,2.3553629383748964,1.4709388747507277,2.117593047570217,0.502059614171783,-0.012497013928921108,0.7087290083267306,-0.06932145722058758,2.500497688748421,-0.17673015989819374,0.9913736070905224,-0.5279532707467299,1.3632450079431258,-0.4993165317846702,1.0825079411876608
-26.196418407340943,-0.1541199593464435,0.9099973427176606,1.680798289284859,1.17067431010209,0.8929943253246508,-0.3780588288696455,1.0480391579457173,2.1325818890764507,1.2614280261887298,1.8636532922401559,0.6364950003009084,-0.5960610215871673,0.5311753173706082,0.06221512363660009,1.7682277867657086,-0.1691060905277399,1.6028715016005732,-0.757416661517734,1.6292087336196905,-0.8297226850309629,0.5677513089825925
-26.002433475543206,0.05297605530228533,1.2886308034629548,1.5817437333388353,1.225492023802421,0.6087933029557966,-0.3361691388548651,1.3728970402025666,1.909800839778009,1.0519171776267355,1.6097135369100994,0.7709303864300315,-1.179625029245403,0.35362162641448913,0.19375170449378526,1.0359578847830093,-0.16148202115728622,2.214369396110613,-0.986880052288734,1.8951724592962509,-1.1601288382772497,0.052994676777533556
-25.80844854374547,0.2600720699510144,1.6672642642082491,1.482689177392812,1.2803097375027521,0.32459228058694234,-0.29427944884008483,1.697754922459416,1.6870197904795676,0.8424063290647414,1.355773781580043,0.9053657725591545,-1.7631890369036383,0.17606793545837007,0.3252882853509705,0.30368798280031006,-0.1538579517868325,2.825867290620652,-1.2163434430597337,2.1611361849728112,-1.4905349915235364,-0.4617619554275252
-25.614463611947734,0.022336247292444877,1.560598460110757,1.3732688426971489,0.8289259455421003,0.36949685215949707,0.16573688929728653,1.4395465850830225,1.284545676274753,0.9550213055177065,1.400465282526878,0.8275624405254055,-1.1113194010474854,0.32811722836710266,0.610665278001249,-0.020086086609130305,-0.13588050820610964,2.343785727565967,-0.8562390587546813,2.0857022458856775,-1.1046372001821547,-0.4252492202953888
-25.420478680149998,-0.25625147879232973,1.409364356180737,1.262896548728559,0.33105426020439144,0.4446254068491384,0.6641526134867558,1.1277913499851764,0.8655691377417919,1.0972192659006346,1.4725821029277297,0.7302677976399523,-0.3459915734399426,0.5104361830593602,0.9101704717345753,-0.30634523261896307,-0.11695224454485126,1.7612733980001751,-0.44199069510587696,1.978915460034513,-0.6529563935214572,-0.3381097065302144
-25.22649374835226,-0.5348392048771042,1.2581302522507172,1.1525242547599692,-0.16681742513331743,0.5197539615387798,1.162568337676225,0.8160361148873304,0.4465925992088311,1.2394172262835625,1.5446989233285815,0.6329731547544992,0.4193362541676,0.6927551377516179,1.2096756654679015,-0.5926043786287958,-0.09802398088359288,1.1787610684343832,-0.02774233145707261,1.8721286741833478,-0.20127558686075986,-0.25097019276503996
-25.032508816554525,-0.8134269309618789,1.1068961483206974,1.0421519607913796,-0.6646891104710262,0.5948825162284211,1.6609840618656941,0.5042808797894842,0.02761606067586997,1.3816151866664907,1.6168157437294335,0.535678511869046,1.184664081775143,0.8750740924438755,1.509180859201228,-0.8788635246386285,-0.07909571722233451,0.5962487388685913,0.38650603219173174,1.765341888332183,0.2504052197999376,-0.16383067899986553
-24.83852388475679,-1.0920146570466536,0.9556620443906774,0.9317796668227898,-1.162560795808735,0.6700110709180626,2.1593997860551637,0.19252564469163835,-0.39136047785709094,1.523813147049419,1.688932564130285,0.4383838689835929,1.9499919093826856,1.057393047136133,1.808686052934554,-1.1651226706484612,-0.060167453561076126,0.013736409302799402,0.8007543958405363,1.6585551024810181,0.702086026460635,-0.0766911652346911
-24.644538952959053,-0.8357277473846286,0.8285101224186249,0.6307489136596973,-1.07733739074839,0.8555603242981982,1.9885679401581855,0.22980867942763095,-0.2876480045367423,1.0673043573057681,1.5859616760420232,0.45254541527140535,1.7432440508274707,1.291064169278598,1.5635773762369571,-0.5016826826920485,-0.4029139716433718,0.037959907819023954,1.0042438381014498,1.170861309667263,1.0455926068417343,0.23702201168422848
-24.450554021161317,-0.505468813629916,0.7046887149726762,0.30335050124628504,-0.9114731753137966,1.0563805253695817,1.7251805792491957,0.31536296424705657,-0.11164875298131699,0.5279956978637104,1.4587765303967413,0.4821211153810619,1.4020601931220051,1.5318371869195002,1.243149760011633,0.2930986748555209,-0.7956793425200194,0.14609368043174922,1.1785857699576374,0.6304888882309903,1.3741389218862845,0.5820698441457066
-24.25656908936358,-0.17520987987520353,0.5808673075267275,-0.024047911167127234,-0.7456089598792032,1.2572007264409653,1.4617932183402056,0.4009172490664822,0.06435049857410824,-0.01131296157834738,1.3315913847514593,0.5116968154907184,1.0608763354165394,1.7726102045604024,0.9227221437863092,1.0878800324030904,-1.188444713396667,0.25422745304447447,1.352927701813825,0.09011646679471741,1.7026852369308347,0.9271176766071846
-24.06258415756584,0.15504905387951506,0.4570459000807766,-0.3514463235805454,-0.5797447444446067,1.4580209275123521,1.1984058574312109,0.48647153388590936,0.24034975012953674,-0.5506216210204149,1.2044062391061752,0.5412725156003755,0.7196924777110674,2.013383222201309,0.6022945275609795,1.8826613899506743,-1.5812100842733214,0.3623612256572017,1.5272696336700158,-0.4502559546415654,2.031231551975391,1.2721655090686688
-23.868599225768104,0.48530798763422767,0.333224492634828,-0.6788447359939578,-0.41388052901001327,1.658841128583736,0.935018496522221,0.572025818705335,0.41634900168496203,-1.0899302804624729,1.0772210934608935,0.570848215710032,0.3785086200056016,2.254156239842211,0.28186691133565533,2.677442747498244,-1.973975455149969,0.470494998269927,1.7016115655262034,-0.990628376077838,2.3597778670199414,1.6172133415301468
-23.674614293970368,0.8931841384723012,0.7187274365455918,-0.29889657037379225,-0.3035671538457389,1.7185832164725465,1.0973373372833373,0.6830037924044613,0.5111414890784697,-1.0648382579240858,0.7012658886653067,0.8174459557143917,0.6300407236714857,2.1973895721400196,-0.02910730151496599,2.5602032726903667,-1.6258291776857197,0.3650697912599295,1.5123301285538553,-1.0407916391493008,1.9960503497460051,1.5374616871074807
-23.480629362172632,1.3157213192039012,1.2004360912682002,0.21466150443052245,-0.2037467151769716,1.7516772163157546,1.3400673494710464,0.7987840184475321,0.5905949210191673,-0.9331372176782589,0.27832078380798553,1.105036747698871,0.9935302867075377,2.084420963873009,-0.33829587150592094,2.270693196215313,-1.1377329222014925,0.21930566587674227,1.2543642774694355,-0.9983598389740571,1.501559997478549,1.377470129606681
-23.286644430374896,1.7382584999355015,1.6821447459908083,0.7282195792348372,-0.1039262765082043,1.7847712161589626,1.5827973616587556,0.914564244490603,0.6700483529598651,-0.8014361774324317,-0.14462432104933565,1.39262753968335,1.35701984974359,1.9714523556059986,-0.6474844414968757,1.981183119740259,-0.6496366667172653,0.07354154049355505,0.9963984263850156,-0.9559280387988134,1.0070696452110925,1.2174785721058812
-23.09265949857716,2.1607956806671016,2.1638534007134167,1.2417776540391519,-0.004105837839437021,1.8178652160021707,1.8255273738464646,1.0303444705336737,0.7495017849005627,-0.6697351371866046,-0.5675694259066566,1.6802183316678294,1.7205094127796419,1.8584837473389881,-0.9566730114878306,1.691673043265205,-0.1615404112330383,-0.07222258488963212,0.7384325753005958,-0.9134962386235697,0.5125792929436361,1.0574870146050814
-22.898674566779423,2.5833328613987017,2.645562055436025,1.7553357288434666,0.09571460082933031,1.8509592158453787,2.0682573860341735,1.1461246965767447,0.8289552168412605,-0.5380340969407775,-0.9905145307639778,1.9678091236523085,2.0839989758156943,1.7455151390719776,-1.2658615814787855,1.402162966790151,0.3265558442511889,-0.2179867102728194,0.480466724216176,-0.8710644384483258,0.01808894067617972,0.8974954571042817
-22.704689634981687,2.415037045894629,2.465332374501995,1.7736622853712645,0.353956068684516,1.5382540987351994,1.8905891286198977,1.0571866224559707,1.0841844385983868,-0.723919269437018,-0.7182209577985252,2.2070274375144,1.646243640797063,2.030732836705618,-1.082754566021456,1.5003145207721722,0.8229071366875216,0.17978531970935752,0.6411073253747374,-1.1331752271068198,0.39160392318671816,0.7721646572972986
-22.51070470318395,2.1024680568911034,2.1234665883494337,1.671060215343132,0.6508817413410481,1.141109662368935,1.610265479791152,0.9182591959695917,1.3823356555432587,-0.9873545636493684,-0.27615980071350665,2.434433867183812,1.0128354818347873,2.413182074152238,-0.7794358378383461,1.6931276356797869,1.3212741939609969,0.7102812946063727,0.9039657811508017,-1.469651066527063,0.9770736967477611,0.6552975308806684
-22.316719771386214,1.7898990678875784,1.781600802196873,1.5684581453149997,0.9478074139975803,0.7439652260026706,1.3299418309624065,0.7793317694832127,1.6804868724881303,-1.2507898578617187,0.16590135637151193,2.661840296853224,0.3794273228725118,2.7956313115988576,-0.47611710965523635,1.8859407505874013,1.8196412512344726,1.2407772695033876,1.1668242369268662,-1.8061269059473062,1.5625434703088041,0.5384304044640384
-22.122734839588475,1.4773300788840475,1.439735016044306,1.4658560752868652,1.2447330866541177,0.34682078963639884,1.0496181821336557,0.6404043429968311,1.9786380894330078,-1.5142251520740737,0.6079625134565387,2.88924672652264,-0.25398083608977506,3.178080549045484,-0.172798381472121,2.0787538654950195,2.3180083085079572,1.7712732444004127,1.4296826927029351,-2.1426027453675554,2.148013243869858,0.4215632780474062
-21.92874990779074,1.1647610898805223,1.0978692298917452,1.363254005258733,1.5416587593106499,-0.05032364672986556,0.7692945333049102,0.5014769165104521,2.2767893063778795,-1.7776604462864238,1.050023670541557,3.1166531561920516,-0.8873889950520506,3.560529786492104,0.13052034671098878,2.271566980402634,2.8163753657814325,2.3017692192974275,1.6925411484789996,-2.479078584787799,2.733483017430901,0.3046961516307761
-21.734764975993002,0.9515406333449165,0.9509956951707552,1.1745104623858258,1.318883126985166,-0.24963860910434163,0.5274548212097404,0.055697215454921234,2.062505765726484,-1.31360568805617,1.0714422709866673,2.631249450575667,-0.9726753891730798,3.398275437293116,0.16937074520675297,1.9380894675989118,2.1934888654825677,2.061310972638278,1.5661673037152133,-2.3082726775825813,2.3732106529715353,0.24456766051463177
-21.540780044195266,0.7686093635373334,0.8635710175935343,0.9595042753529278,0.9376619748480981,-0.3886397074569329,0.2973480166552946,-0.48363500833510337,1.6919921160518419,-0.6277551821300087,0.9646161895293716,1.9285255817624014,-0.8908514891351987,3.0699529214338885,0.12759055538320774,1.4441574951271052,1.2287567683628806,1.5858057072120144,1.3211250746405017,-1.9828077012842413,1.7246022708230322,0.2017375338193666
-21.34679511239753,0.5856780937297507,0.7761463400163132,0.7444980883200297,0.5564408227110302,-0.5276408058095242,0.06724121210084877,-1.022967232125128,1.3214784663772,0.05809532379615234,0.8577901080720758,1.2258017129491356,-0.8090275890973176,2.7416304055746608,0.0858103655596625,0.9502255226552982,0.2640246712431935,1.1103004417857505,1.0760828455657898,-1.6573427249859014,1.075993888674529,0.1589074071241014
-21.152810180599793,0.40274682392216776,0.6887216624390923,0.5294919012871316,0.17521967057396237,-0.6666419041621154,-0.162865592453597,-1.5622994559151526,0.950964816702558,0.7439458297223134,0.7509640266147799,0.5230778441358703,-0.7272036890594367,2.4133078897154334,0.04403017573611728,0.4562935501834915,-0.7007074258764936,0.6347951763594866,0.8310406164910783,-1.3318777486875617,0.42738550652602614,0.1160772804288362
-20.958825248802057,0.21981555411458487,0.6012969848618712,0.31448571425423366,-0.2060014815631055,-0.8056430025147067,-0.39297239700804276,-2.1016316797051773,0.580451167027916,1.4297963356484746,0.6441379451574841,-0.17964602467739565,-0.6453797890215556,2.084985373856206,0.0022499859125720556,-0.037638422288315265,-1.6654395229961807,0.15928991093322287,0.5859983874163666,-1.0064127723892218,-0.22122287562247722,0.07324715373357102
-20.76484031700432,0.062394030793045466,0.47387145401596387,0.4816941804699886,-0.14287112423795623,-0.6613485674911334,-0.3963995924243731,-1.920563378894872,0.6631230130819149,1.6665580168725784,0.6313544285098329,0.448033646329585,-0.3119808330385768,1.8853133211330588,0.271559531657011,-0.09517392112506129,-1.5656052566857734,0.287948095227581,0.6870567054385673,-0.7416802990856928,-0.23002202197883168,0.07075776296610646
-20.570855385206585,-0.08554309960419257,0.33157381105733463,0.7910080946884959,0.08546684557961132,-0.4117263059558736,-0.31554847162265764,-1.4716538573997382,0.9142869024196961,1.7363507760920156,0.653535455188856,1.570350530859644,0.11495243861632864,1.733472850857958,0.6565306457536882,0.009540551005128878,-1.0699706757666085,0.6412311518540414,0.9167934319968429,-0.49952785894690865,-0.0009433755405896527,0.08326685094103438
-20.37687045340885,-0.23348023000143056,0.18927616809870546,1.1003220089070034,0.3138048153971789,-0.162104044420614,-0.23469735082094229,-1.0227443359046047,1.1654507917574772,1.8061435353114526,0.6757164818678791,2.6926674153897032,0.5418857102712342,1.5816323805828572,1.0415017598503653,0.11425502313531904,-0.5743360948474436,0.994514208480502,1.1465301585551186,-0.25737541880812453,0.22813527089765245,0.09577593891596228
-20.182885521611112,-0.3814173603986686,0.04697852514007628,1.4096359231255107,0.5421427852147465,0.08751821711464569,-0.15384623001922687,-0.5738348144094709,1.4166146810952585,1.8759362945308895,0.6978975085469024,3.814984299919762,0.9688189819261397,1.429791910307756,1.4264728739470425,0.21896949526550918,-0.07870151392827873,1.3477972651069625,1.3762668851133943,-0.015222978669340526,0.4572139173358945,0.1082850268908902
-19.988900589813376,-0.5293544907959067,-0.09531911781855285,1.718949837344018,0.7704807550323138,0.3371404786499055,-0.07299510921751146,-0.1249252929143374,1.6677785704330397,1.9457290537503267,0.7200785352259255,4.937301184449821,1.395752253581045,1.277951440032655,1.8114439880437196,0.3236839673956994,0.4169330669908864,1.701080321733423,1.6060036116716698,0.22692946146944348,0.6862925637741364,0.12079411486581812
-19.79491565801564,-0.673687519854643,-0.27214186946844954,1.7038250657313465,0.9885028177156858,0.41759768703430583,0.17570636442174917,0.3318895637757285,1.6336444067822395,1.8838625042690698,0.8231524624939464,5.01989680008899,1.3452516545391389,1.212432677537923,1.8458816952077328,0.5053902868879422,0.8008893355588803,1.6201699037720099,1.690518434503303,0.27706828154969254,0.6524088467369431,0.2565442399434472
-19.600930726217904,-0.8164133145326959,-0.46436095337256367,1.5440181774641974,1.2019245434338073,0.42261642577033287,0.4992600224345268,0.7922297726473192,1.4722827330148807,1.7632830198266791,0.9623002508354473,4.638832930952384,1.0818413564026594,1.1854087306749856,1.724000450631468,0.7214308085821892,1.1350431134837735,1.3456326660619065,1.7102721381054729,0.24157940619841306,0.5012581297714882,0.4472532058912123
-19.406945794420167,-0.9591391092107487,-0.6565800372766777,1.3842112891970484,1.4153462691519285,0.4276351645063599,0.8228136804473043,1.25256998151891,1.310921059247522,1.6427035353842885,1.1014480391769483,4.25776906181578,0.8184310582661801,1.1583847838120482,1.6021192060552032,0.9374713302764363,1.4691968914086668,1.071095428351803,1.7300258417076426,0.20609053084713358,0.35010741280603347,0.6379621718389774
-19.21296086262243,-1.1018649038888015,-0.8487991211807919,1.2244044009298993,1.62876799487005,0.43265390324238695,1.1463673384600819,1.7129101903905006,1.1495593854801633,1.5221240509418978,1.2405958275184492,3.8767051926791742,0.5550207601297008,1.1313608369491108,1.4802379614789383,1.1535118519706833,1.8033506693335601,0.7965581906416996,1.7497795453098124,0.1706016554958541,0.19895669584057873,0.8286711377867426
-19.018975930824695,-1.2445906985668544,-1.041018205084906,1.0645975126627503,1.8421897205881714,0.437672641978414,1.4699209964728595,2.1732503992620913,0.9881977117128045,1.4015445664995072,1.3797436158599503,3.4956413235425696,0.2916104619932216,1.1043368900861736,1.3583567169026736,1.3695523736649302,2.1375044472584532,0.5220209529315962,1.7695332489119822,0.13511278014457465,0.047805978875123945,1.0193801037345076
-18.82499099902695,-1.233353492501495,-0.9897331196766416,1.2385198017219414,1.8492769869891093,0.3415622273822893,1.5599631458133847,2.172344799165605,0.7988885811397031,1.2109677559369598,1.4602361762678457,3.140401066123669,0.04386868453645382,0.9253027919050946,1.4168274541953922,1.470331136282387,2.119068922934596,0.600695475742411,1.6575393150379143,0.20429108533766124,0.003827306000492285,0.8966531490350733
-18.631006067229215,-1.1407358431860337,-0.8097386876318163,1.5888417987965024,1.7473017534652322,0.19199783173916696,1.5265777834271228,1.9276378429002394,0.5948072233978605,0.983392358710906,1.509725259053683,2.798810432041292,-0.19559116056102252,0.6659204708844235,1.5706270961902997,1.5101858262449537,1.9142647674220836,0.8660676434000223,1.4759073442121162,0.32879347167563205,0.016496713573878694,0.6082529219935278
-18.43702113543148,-1.0481181938705726,-0.629744255586991,1.9391637958710635,1.6453265199413554,0.04243343609604461,1.4931924210408611,1.6829308866348736,0.39072586565601775,0.7558169614848521,1.5592143418395201,2.4572197979589148,-0.43505100565849886,0.4065381498637525,1.7244267381852074,1.5500405162075201,1.7094606119095714,1.1314398110576336,1.2942753733863182,0.45329585801360295,0.0291661211472651,0.3198526949519823
-18.243036203633743,-0.9555005445551115,-0.44974982354216575,2.2894857929456243,1.5433512864174785,-0.10713095954707774,1.4598070586545993,1.438223930369508,0.18664450791417508,0.5282415642587982,1.6087034246253575,2.1156291638765374,-0.6745108507559752,0.14715582884308154,1.878226380180115,1.5898952061700866,1.5046564563970595,1.3968119787152449,1.1126434025605199,0.5777982443515737,0.04183552872065151,0.031452467910436877
-18.049051271836007,-0.8628828952396502,-0.2697553914973405,2.6398077900201855,1.4413760528936015,-0.25669535519020015,1.4264216962683376,1.193516974104142,-0.017436849827667578,0.3006661670327444,1.6581925074111947,1.7740385297941605,-0.9139706958534515,-0.11222649217758951,2.0320260221750224,1.629749896132653,1.2998523008845473,1.6621841463728562,0.9310114317347217,0.7023006306895446,0.054504936294037916,-0.2569477591311087
-17.85506634003827,-0.7220777972620345,-0.19057156358446728,2.536183829210244,1.3265685694558278,-0.11912783432980156,1.3377643774966776,1.2219780659189103,0.03419573939576796,0.3050672253783919,1.3674718263197843,1.7658869830929547,-0.6451943115312154,-0.262658723763068,1.919222131067387,1.4137703958822683,1.3329869873669664,1.5952213844474412,0.7331480821784621,0.8626576978333078,0.10858388267914212,-0.3548205093461602
-17.661081408240534,-0.5513380720852021,-0.17401250490507778,2.150563136987209,1.2037895368291183,0.19680951344944664,1.2147714494553012,1.4201344603289097,0.2446809320370239,0.4535748697610022,0.8654087161531191,1.964871839158835,-0.060695421054317134,-0.3454098391842617,1.6408008936384786,1.0388635956511143,1.513932166603809,1.3218081359628788,0.5252016034108554,1.04528812729582,0.18838693650788862,-0.334335281532635
-17.467096476442798,-0.38059834690836997,-0.15745344622568827,1.7649424447641742,1.0810105042024087,0.512746861228695,1.091778521413925,1.6182908547389088,0.4551661246782798,0.6020825141436125,0.3633456059864537,2.163856695224715,0.523803469422581,-0.42816095460545545,1.3623796562095702,0.6639567954199606,1.6948773458406516,1.0483948874783162,0.3172551246432488,1.2279185567583326,0.2681899903366351,-0.31385005371910973
-17.27311154464506,-0.2098586217315377,-0.1408943875462988,1.3793217525411394,0.9582314715756992,0.828684209007943,0.9687855933725489,1.8164472491489079,0.6656513173195358,0.7505901585262228,-0.13871750418021156,2.362841551290596,1.1083023598994792,-0.5109120700266492,1.083958418780662,0.2890499951888066,1.8758225250774943,0.7749816389937537,0.10930864587564215,1.410548986220845,0.34799304416538157,-0.2933648259055845
-17.079126612847325,-0.03911889655470546,-0.12433532886690928,0.9937010603181047,0.8354524389489898,1.1446215567871914,0.8457926653311726,2.014603643558907,0.8761365099607916,0.899097802908833,-0.6407806143468768,2.5618264073564756,1.6928012503763776,-0.5936631854478429,0.8055371813517536,-0.08585680504234716,2.056767704314337,0.5015683905091912,-0.09863783289196448,1.5931794156833572,0.42779609799412804,-0.27287959809205925
-16.88514168104959,0.0453081869957397,-0.21909437464042084,0.7036474354855433,0.7286623944156911,1.3736348362269777,0.8554706763690386,1.958483081580536,1.0291873472077502,0.9360870494470969,-0.72287047340609,2.3632279883842093,1.8969121684833452,-0.6795988722059852,0.8629491386696659,-0.15601619033070396,1.9307643495818028,0.7449860222817332,-0.02867885080472074,1.6294229276105072,0.5699253481482746,-0.22538649803632288
-16.691156749251853,0.06708899839800186,-0.39464881880716524,0.4829570047267111,0.6334772605953516,1.5395580660655428,0.9614421109321589,1.717806664158997,1.1405519587653004,0.8921355233564012,-0.5001410373066746,1.8760610633358752,1.8249350421282722,-0.7678459413861063,1.164110995400588,-0.0049879357412290215,1.5819757685811773,1.3635228413376494,0.24298570770942624,1.5594178703587673,0.7572913536998878,-0.15829091006285306
-16.497171817454117,0.08886980980026403,-0.5702032629739097,0.2622665739678789,0.5382921267750121,1.7054812959041081,1.0674135454952793,1.4771302467374579,1.2519165703228505,0.8481839972657056,-0.27741160120725916,1.3888941382875406,1.7529579157731994,-0.8560930105662273,1.46527285213151,0.1460403188482459,1.2331871875805516,1.9820596603935656,0.5146502662235732,1.4894128131070274,0.9446573592515011,-0.09119532208938322
-16.30318688565638,0.1106506212025262,-0.7457577071406541,0.04157614320904668,0.44310699295467265,1.8714045257426735,1.1733849800583998,1.2364538293159186,1.3632811818804007,0.8042324711750101,-0.05468216510784374,0.9017272132392062,1.6809807894181266,-0.9443400797463484,1.7664347088624321,0.29706857343772086,0.8843986065799261,2.600596479449482,0.7863148247377201,1.4194077558552876,1.1320233648031142,-0.0240997341159134
-16.109201953858644,0.13243143260478837,-0.9213121513073986,-0.17911428754978553,0.34792185913433316,2.037327755581239,1.2793564146215202,0.9957774118943796,1.4746457934379509,0.7602809450843144,0.16804727099157168,0.4145602881908719,1.6090036630630538,-1.0325871489264693,2.0675965655933544,0.44809682802719575,0.5356100255793006,3.219133298505398,1.0579793832518671,1.3494026986035477,1.3193893703547275,0.04299585385755644
-15.915217022060908,0.122725401854694,-0.7189651847107196,0.01958404345942205,0.4395423500015745,1.8739050259064063,1.3908631111562502,0.9808915225384519,1.3686261893369467,0.8353080732924039,0.42424395453728947,0.46268608798451016,1.3796263771176804,-1.0559589628385944,2.112199886831603,0.47732076795291956,0.5105587018442788,3.2672058677850564,1.3532334632466374,1.4980357301478262,1.4643774326745498,0.04000055438844543
-15.721232090263172,0.08641841825173936,-0.19735668143450857,0.5725935697555193,0.6889813858635397,1.4322417442287996,1.5070461497014795,1.1567596999966279,1.0789544030415958,1.010851650821908,0.7087146919600635,0.9630419484206296,1.0172730942770165,-1.0245223714380869,1.9400554798087417,0.40364106273165284,0.7590095437302735,2.8333345019087774,1.6684166217336642,1.8313802505025851,1.5735634395054354,-0.02220946033389666
-15.527247158465435,0.050111434648784745,0.3242518218417023,1.1256030960516166,0.938420421725505,0.9905784625511929,1.623229188246709,1.3326278774548035,0.7892826167462451,1.1863952283514125,0.9931854293828377,1.4633978088567492,0.6549198114363527,-0.9930857800375795,1.76791107278588,0.3299613575103862,1.007460385616268,2.399463136032499,1.983599780220691,2.164724770857344,1.682749446336321,-0.08441947505623876
-15.3332622266677,0.013804451045830113,0.8458603251179133,1.6786126223477138,1.1878594575874701,0.5489151808735859,1.7394122267919383,1.5084960549129796,0.4996108304508944,1.361938805880917,1.2776561668056117,1.9637536692928688,0.2925665285956889,-0.961649188637072,1.5957666657630183,0.25628165228911953,1.2559112275022628,1.9655917701562204,2.298782938707718,2.4980692912121025,1.7919354531672067,-0.14662948977858084
-15.139277294869963,-0.022502532557124505,1.367468828394124,2.2316221486438113,1.4372984934494353,0.10725189919597922,1.855595265337168,1.6843642323711552,0.20993904415554354,1.5374823834104212,1.5621269042283858,2.4641095297289883,-0.06978675424497505,-0.9302125972365647,1.4236222587401566,0.18260194706785282,1.5043620693882573,1.5317204042799417,2.6139660971947443,2.8314138115668612,1.9011214599980923,-0.20883950450092292
-14.945292363072227,0.10885375655204246,1.575245214083646,2.629457491448271,1.510175127487678,-0.09260108171234926,1.8373943772961825,1.972650949499367,0.2622325408077022,1.7027680610681426,1.6779659267701572,2.419360727845879,-0.057645604456747795,-0.5877192370967106,1.4209670593654466,0.4092510145205768,1.6250796846644586,1.4505310476600228,2.770953977262816,2.7462588277730333,2.0977354699915005,0.1008291878427918
-14.751307431274483,0.40476844295278014,1.475001188067648,2.874992246751657,1.4097590338100063,-0.05512173038411487,1.6872981539020284,2.3712743814889468,0.6501586299824981,1.857985799962821,1.6282960439657237,1.8396017944271017,0.32205489587473823,0.06007058125036535,1.5846623786084066,0.9306672107089625,1.6204295034532445,1.7154925519769808,2.7726761211048454,2.2503543306480838,2.3801584460518566,0.7754899445292159
-14.557322499476747,0.700683129353507,1.3747571620516534,3.1205270020550344,1.3093429401323382,-0.017642379055881854,1.53720193050788,2.769897813478512,1.0380847191572795,2.013203538857494,1.5786261611612922,1.2598428610083456,0.7017553962062102,0.7078603995974174,1.7483576978513606,1.452083406897329,1.6157793222420307,1.9804540562939295,2.7743982649468744,1.7544498335231529,2.662581422112202,1.4501507012156156
-14.363337567679011,0.9965978157542339,1.274513136035659,3.3660617573584117,1.2089268464546703,0.019836972272351164,1.3871057071137312,3.168521245468077,1.426010808332061,2.168421277752167,1.5289562783568607,0.6800839275895898,1.0814558965376821,1.3556502179444698,1.9120530170943146,1.9734996030856957,1.6111291410308168,2.2454155606108777,2.7761204087889033,1.2585453363982217,2.9450043981725478,2.124811457902015
-14.169352635881275,1.2925125021549608,1.1742691100196647,3.611596512661789,1.1085107527770022,0.05731632360058418,1.2370094837195826,3.567144677457642,1.8139368975068428,2.32363901664684,1.4792863955524291,0.10032499417083374,1.4611563968691543,2.003440036291522,2.0757483363372686,2.4949157992740627,1.606478959819603,2.510377064927826,2.7778425526309323,0.7626408392732906,3.227427374232893,2.7994722145884148
-13.975367704083538,1.4802239657775353,1.0391355701523544,3.6839583216438965,1.1061896059199006,0.061578738321732426,1.1393060361299543,3.653545953347208,1.9333049671548244,2.302749778874957,1.4668390936665714,-0.052794577101174606,1.5655022583114027,2.2302534009618595,2.03070736572783,2.487456656563939,1.742411110529423,2.530857346274643,2.7873984276695465,0.45213202943814845,3.138027381145016,2.9733636649066413
-13.781382772285802,1.5445837554330044,0.8642279844945403,3.5589029718197387,1.2156966984382553,0.0279738453108005,1.1013303529574843,3.3840139712827413,1.7465168945422258,2.081098587703181,1.4968255340278913,0.2804547244741552,1.355943831419907,1.9771536084406973,1.7477070246866417,1.8770796275094812,2.038607119629237,2.272629033435483,2.8058847562722677,0.35297430311338607,2.6247492032281263,2.5763781059650976
-13.587397840488066,1.6089435450884737,0.6893203988367262,3.4338476219955805,1.32520379095661,-0.005631047700131425,1.0633546697850145,3.1144819892182745,1.559728821929627,1.8594473965314051,1.5268119743892115,0.6137040260494849,1.1463854045284116,1.724053815919535,1.4647066836454534,1.2667025984550233,2.3348031287290505,2.0144007205963232,2.8243710848749894,0.2538165767886237,2.1114710253112356,2.1793925470235544
-13.39341290869033,1.673303334743943,0.5144128131789121,3.3087922721714222,1.4347108834749647,-0.039235940711063344,1.0253789866125445,2.844950007153807,1.3729407493170285,1.6377962053596293,1.5567984147505314,0.9469533276248148,0.9368269776369159,1.470954023398373,1.181706342604265,0.6563255694005656,2.630999137828864,1.7561724077571632,2.842857413477711,0.1546588504638613,1.5981928473943456,1.7824069880820108
-13.199427976892594,1.737663124399412,0.3395052275210979,3.183736922347264,1.5442179759933192,-0.07284083372199528,0.9874033034400747,2.5754180250893404,1.1861526767044297,1.4161450141878533,1.5867848551118515,1.2802026292001445,0.7272685507454203,1.2178542308772107,0.8987060015630768,0.045948540346107514,2.927195146928678,1.4979440949180034,2.861343742080433,0.05550112413909891,1.0849146694774552,1.3854214291404672
-13.005443045094857,1.7253219435520264,0.35020133734079867,3.0078178566771787,1.6352185689894267,-0.17322021077259964,0.881958220313021,2.385104934448218,0.9950213321728353,1.3079855479645575,1.4129885640790376,1.540506457795894,0.6552412570739224,1.0682093652590756,1.0387868077281328,-0.30248273834447903,3.1528068004601018,1.3158675098242296,2.7947423550989807,0.10238202289955155,0.8742079492623724,1.0057110664796032
-12.811458113297121,1.6112686061682249,0.6070240868155161,2.7644490808635673,1.701677934358201,-0.36214836013670104,0.6870428459418264,2.2998429824337263,0.7981304314008318,1.350325977868625,0.9689586509800339,1.7040782461360935,0.7655922052811552,1.055754728794983,1.73991000475376,-0.3035511741611643,3.284817460737771,1.234774737610228,2.6153072583211014,0.3429228375339165,1.0647372925215088,0.6489091162779057
-12.617473181499385,1.4972152687844233,0.8638468362902336,2.521080305049956,1.7681372997269753,-0.5510765095008026,0.49212747157063197,2.214581030419235,0.6012395306288284,1.3926664077726922,0.5249287378810299,1.8676500344762927,0.8759431534883881,1.0433000923308906,2.441033201779387,-0.3046196099778495,3.416828121015441,1.1536819653962262,2.435872161543222,0.5834636521682816,1.2552666357806448,0.29210716607620824
-12.423488249701649,1.383161931400622,1.1206695857649511,2.2777115292363446,1.8345966650957495,-0.740004658864904,0.2972120971994374,2.1293190784047433,0.40434862985682496,1.4350068376767597,0.08089882478202615,2.031221822816492,0.9862941016956208,1.0308454558667983,3.1421563988050143,-0.30568804579453474,3.54883878129311,1.0725891931822247,2.2564370647653424,0.8240044668026465,1.4457959790397812,-0.06469478412548946
-12.229503317903912,1.2691085940168205,1.3774923352396686,2.0343427534227336,1.9010560304645239,-0.9289328082290054,0.10229672282824298,2.0440571263902516,0.20745772908482152,1.477347267580827,-0.3631310883169778,2.1947936111566912,1.0966450499028537,1.0183908194027058,3.843279595830641,-0.30675648161121993,3.6808494415707798,0.9914964209682231,2.077001967987463,1.0645452814370115,1.6363253222989171,-0.42149673432718693
-12.035518386106176,1.2873194744060494,1.4751887956222978,1.7302870874281182,1.8570195359069102,-0.9354317590787903,0.08689764824199141,1.991007376026798,0.10809410547281072,1.5337910172227116,-0.4407704511246282,2.1324724361494125,1.2450301167252709,1.3043408115188555,4.036236066322841,-0.267283950533189,3.612244884689145,0.8992920997854986,2.0236422876258904,1.358653717226784,1.5938856795236793,-0.37805581402471133
-11.84153345430844,1.5102249775392822,1.3266183800290423,1.3323112342486034,1.6419775438441482,-0.6595998074659032,0.3493214185610472,1.9878098425042432,0.15966555365604743,1.6120613331255067,0.04862318056632331,1.7205550083424157,1.4522775099759577,2.0521074907235395,3.4427440314655806,-0.1650694468799934,3.2331643964894963,0.7898913337702245,2.165399323146724,1.735664423852318,1.1908987964570978,0.2848085963438324
-11.647548522510704,1.733130480672515,1.1780479644357869,0.9343353810690886,1.4269355517813862,-0.3837678558530162,0.611745188880103,1.9846123089816885,0.21123700183928412,1.6903316490283016,0.5380168122572748,1.3086375805354193,1.6595249032266448,2.799874169928223,2.8492519966083196,-0.0628549432267978,2.854083908289848,0.6804905677549504,2.307156358667557,2.112675130477852,0.7879119133905162,0.947673006712376
-11.453563590712967,1.9560359838057477,1.0294775488425314,0.5363595278895739,1.2118935597186244,-0.10793590424012911,0.8741689591991587,1.9814147754591338,0.26280845002252085,1.7686019649310967,1.0274104439482263,0.8967201527284225,1.8667722964773317,3.547640849132907,2.2557599617510586,0.039359560426397766,2.475003420090199,0.5710898017396762,2.4489133941883905,2.4896858371033863,0.3849250303239349,1.6105374170809195
-11.259578658915231,2.1789414869389807,0.8809071332492759,0.13838367471005908,0.9968515676558626,0.16789604737275798,1.1365927295182146,1.978217241936579,0.31437989820575757,1.8468722808338915,1.516804075639178,0.4848027249214262,2.0740196897280185,4.2954075283375905,1.662267926893798,0.1415740640795934,2.0959229318905503,0.46168903572440206,2.590670429709224,2.86669654372892,-0.0180618527426466,2.2734018274494634
-11.065593727117495,2.346413896344808,0.7768614492301381,-0.2088162546255083,0.9790685222188616,0.4474549905046165,1.4894017956473475,1.8911494060880902,0.5379781858487422,1.8514201581367569,1.9243585426422507,0.3410681630994391,2.166537854136256,4.576449577795125,1.2195934852332972,0.288747174675693,1.7591242013924262,0.6056395695027987,2.5785271192525965,2.9068744404860176,-0.07644631485551251,2.670975532514047
-10.871608795319759,2.4132314776666512,0.7536633041219064,-0.46381779592863553,1.3194661956549911,0.7337813656051347,2.0063315304842697,1.6517907581214413,1.0739409977739338,1.722103607455525,2.183310315869948,0.6842972263555469,2.0507318924884443,4.010017957448535,1.0507720417458901,0.5175556505102321,1.4991002414576058,1.2096227265908044,2.286933180573708,2.335434866692468,0.49089467160553985,2.5868371674213897
-10.677623863522022,2.4800490589884943,0.7304651590136747,-0.7188193372317626,1.6598638690911205,1.020107740705653,2.5232612653211923,1.4124321101547923,1.6099038096991254,1.5927870567742928,2.442262089097645,1.0275262896116548,1.9349259308406328,3.4435863371019453,0.881950598258483,0.7463641263447712,1.2390762815227852,1.8136058836788103,1.9953392418948197,1.763995292898918,1.0582356580665921,2.502698802328732
-10.483638931724279,2.5468666403103404,0.7072670139054422,-0.9738208785348992,2.0002615425272623,1.3064341158061816,3.040191000158133,1.1730734621881347,2.1458666216243363,1.463470506093056,2.7012138623253517,1.3707553528677752,1.819119969192817,2.877154716755334,0.7131291547710698,0.9751726021793188,0.9790523215879551,2.417589040766838,1.7037453032159204,1.1925557191053473,1.6255766445276654,2.4185604372360716
-10.289653999926543,2.6136842216321834,0.6840688687972105,-1.2288224198380264,2.3406592159633917,1.5927604909067,3.5571207349950558,0.9337148142214857,2.6818294335495283,1.334153955411824,2.9601656355530492,1.713984416123883,1.7033140075450053,2.3107230964087444,0.5443077112836627,1.203981078013858,0.7190283616531346,3.0215721978548435,1.412151364537032,0.6211161453117975,2.1929176309887177,2.334422072143414
-10.095669068128807,2.512188264301852,0.6788326254138694,-1.2346681281233178,2.613084335716402,1.9424773459089417,3.8238727139630475,0.8528300104645459,3.0717605589050963,1.2631009976364014,3.135852603169231,1.9519359572256645,1.6890647061901736,1.9472266701024172,0.5182988535827036,1.535915200475851,0.7391965482141972,3.322107523845614,1.2816100669039834,0.3397533313573351,2.679445309630126,2.3734626199407303
-9.90168413633107,2.0493132386888835,0.7121616416163254,-0.7055616066938056,2.739568384326233,2.4282972901119533,3.553478334741826,1.1121978722167114,3.1481530630964505,1.3171434010999314,3.1327651352077335,1.9638504654666704,1.892863528405578,2.019444042764921,0.7989170183056102,2.08926615246151,1.3609537551929343,2.971122506598157,1.4968582632811454,0.6812023841162516,2.9924620626587553,2.676975539531244
-9.707699204533334,1.5864382130759156,0.7454906578187814,-0.17645508526429343,2.8660524329360637,2.914117234314965,3.2830839555206044,1.371565733968877,3.224545567287805,1.3711858045634615,3.1296776672462365,1.9757649737076763,2.0966623506209823,2.0916614154274247,1.079535183028517,2.6426171044471696,1.9827109621716714,2.6201374893506997,1.712106459658307,1.0226514368751678,3.3054788156873847,2.980488459121757
-9.513714272735598,1.1235631874629475,0.7788196740212375,0.35265143616521866,2.992536481545895,3.399937178517976,3.0126895762993833,1.6309335957210425,3.30093807147916,1.4252282080269916,3.126590199284739,1.9876794819486825,2.300461172836387,2.1638787880899284,1.3601533477514236,3.1959680564328283,2.6044681691504086,2.269152472103243,1.9273546560354688,1.3641004896340843,3.618495568716014,3.2840013787122704
-9.319729340937862,0.6606881618499794,0.8121486902236936,0.881757957594731,3.119020530155726,3.885757122720987,2.742295197078162,1.890301457473208,3.377330575670514,1.4792706114905216,3.123502731323242,1.9995939901896884,2.504259995051791,2.236096160752432,1.6407715124743303,3.7493190084184875,3.2262253761291455,1.9181674548557854,2.142602852412631,1.7055495423930007,3.931512321744644,3.587514298302784
-9.125744409140125,0.37026244236056005,0.9251867944101652,1.286588197515271,3.0901891110337103,4.069845883434916,2.4777043684072995,2.05007704733033,3.4286024888946307,1.53522020655793,3.1834326113309825,1.9965561634976703,2.5831982355170897,2.286408295657949,1.9964913123171448,4.086630959236557,3.5116218021053154,1.6075478619679908,2.499329642152515,1.9373758385486644,3.995572724015023,3.8194528236459924
-8.93175947734239,0.5224566085882643,1.2428115577556165,1.3724426482294385,2.6627146580666086,3.479491273193509,2.228009319482357,1.9542324726568316,3.415398218636168,1.5960649267419584,3.405107017793104,1.9551406771442228,2.3416609828237736,2.280496986987197,2.544971975634396,3.869442807057796,2.9336922235082024,1.4005328582700005,3.219184821523398,1.8878370594226372,3.420645159339205,3.8676837370877797
-8.737774545544653,0.6746507748159687,1.5604363211010677,1.4582970989436062,2.235240205099507,2.889136662952102,1.9783142705574153,1.8583878979833335,3.402193948377705,1.656909646925987,3.6267814242552254,1.9137251907907753,2.100123730130457,2.2745856783164458,3.093452638951647,3.6522546548790347,2.355762644911089,1.19351785457201,3.9390400008942814,1.83829828029661,2.8457175946633866,3.9159146505295666
-8.543789613746917,0.8268449410436729,1.878061084446519,1.5441515496577736,1.807765752132405,2.2987820527106946,1.7286192216324734,1.7625433233098353,3.388989678119242,1.7177543671100157,3.848455830717347,1.8723097044373276,1.8585864774371403,2.2686743696456944,3.6419333022688978,3.4350665027002734,1.7778330663139756,0.9865028508740196,4.658895180265165,1.7887595011705826,2.2707900299875687,3.9641455639713534
-8.34980468194918,0.9790391072713772,2.1956858477919705,1.630006000371941,1.3802912991653034,1.7084274424692873,1.4789241727075315,1.6666987486363372,3.3757854078607794,1.7785990872940443,4.070130237179468,1.83089421808388,1.617049224743824,2.2627630609749425,4.190413965586149,3.2178783505215116,1.1999034877168624,0.7794878471760291,5.378750359636048,1.7392207220445552,1.6958624653117509,4.012376477413141
-8.155819750151444,1.2201766532073257,2.4517575942518963,1.8464124532267654,1.1464501601645463,1.3830015473551394,1.371894991243029,1.6985361104993373,3.4140785253556563,1.875311735167346,4.296728707421459,1.8967621337504772,1.5359681623543648,2.4057706251657316,4.552833842877341,3.0166415575484007,0.8651024521171128,0.6499576856121244,5.874589498056337,1.777823142306471,1.261991536904797,4.021611942652209
-7.961834818353708,1.7384070359267025,2.516068018876111,2.469538605058327,1.5158512685205907,1.8829304955222224,1.709324858405362,2.1281518131107333,3.612805812389813,2.083766773149558,4.538667530208431,2.296859109556507,1.9547698466808625,3.0127177548098674,4.335602809856471,2.865099383639056,1.28774033893237,0.7618226091583017,5.672532508899646,2.0910192991231837,1.2675662830278471,3.9093615884904778
-7.767849886555972,2.256637418646079,2.580378443500326,3.0926647568898895,1.8852523768766352,2.3828594436893056,2.046754725567695,2.55776751572213,3.81153309942397,2.29222181113177,4.780606352995402,2.6969560853625363,2.3735715310073604,3.6196648844540036,4.118371776835603,2.7135572097297107,1.7103782257476272,0.8736875327044789,5.470475519742955,2.4042154559398967,1.2731410291508973,3.7971112343287463
-7.5738649547582355,2.7748678013654557,2.6446888681245406,3.715790908721451,2.254653485232679,2.8827883918563884,2.3841845927300285,2.9873832183335263,4.0102603864581265,2.5006768491139817,5.0225451757823745,3.097053061168566,2.792373215333858,4.22661201409814,3.9011407438147336,2.562015035820366,2.133016112562885,0.9855524562506561,5.268418530586263,2.7174116127566093,1.2787157752739475,3.684860880167015
-7.379880022960499,3.2930981840848323,2.7089992927487554,4.338917060553014,2.624054593588724,3.382717340023471,2.7216144598923617,3.4169989209449225,4.208987673492284,2.709131887096193,5.264483998569347,3.4971500369745954,3.2111748996603557,4.833559143742276,3.6839097107938645,2.4104728619110207,2.5556539993781415,1.0974173797968332,5.066361541429572,3.0306077695733222,1.2842905213969977,3.5726105260052834
-7.185895091162763,3.7010324487880792,2.7718316097648756,4.808623829666453,2.953906560430716,3.7720828932158814,2.9947653838566364,3.8634078599968573,4.324409504326029,2.841635952190482,5.420401495330193,3.7741294150449853,3.4793933946259266,5.185130002547304,3.535903405170048,2.273757808062497,2.9700438684346606,1.2839064719725481,4.81208924857939,3.3622305344562013,1.3091602641708966,3.473099908050228
-6.991910159365027,3.682822621156201,2.828953056476994,4.685573892823402,3.130955025968386,3.734271693096976,3.01956584546473,4.374699758023612,4.117969345294486,2.680693076581377,5.243963868808222,3.5754271655003156,3.1658132034241726,4.550019814928323,3.655356273580346,2.1943293544489757,3.352566396150593,1.7587162156715292,4.3560760096406845,3.7650470123220092,1.4085788576412692,3.4228109981664283
-6.797925227567291,3.6646127935243227,2.886074503189112,4.5625239559803505,3.3080034915060557,3.6964604929780704,3.0443663070728237,4.8859916560503684,3.9115291862629427,2.519750200972272,5.067526242286251,3.3767249159556454,2.8522330122224187,3.914909627309343,3.7748091419906444,2.1149009008354542,3.7350889238665257,2.2335259593705103,3.9000627707019797,4.167863490187817,1.507997451111642,3.3725220882826283
-6.603940295769554,3.6464029658924444,2.94319594990123,4.439474019137299,3.4850519570437255,3.658649292859165,3.069166768680917,5.397283554077124,3.7050890272314,2.3588073253631667,4.8910886157642794,3.1780226664109756,2.5386528210206647,3.279799439690362,3.8942620104009427,2.035472447221933,4.117611451582458,2.708335703069492,3.4440495317632744,4.570679968053625,1.6074160445820147,3.322233178398829
-6.409955363971811,3.628193138260565,3.00031739661335,4.316424082294244,3.662100422581402,3.620838092740258,3.0939672302890115,5.9085754521038965,3.498648868199849,2.197864449754056,4.714650989242302,2.9793204168662983,2.225072629818899,2.6446892520713585,4.013714878811245,1.9560439936084089,4.500133979298404,3.1831454467684903,2.9880362928245527,4.973496445919447,1.706834638052391,3.2719442685150275
-6.215970432174075,3.566832353984717,3.0539136622964977,4.200440551000533,3.7946264796885156,3.6410877704620264,3.0875828230757025,6.2684467046734245,3.318157428270811,2.080615557191099,4.6027877388283525,2.824838583898453,1.9721603639050647,2.1480856308910483,4.1741046702043425,1.982377643045542,4.80952188920002,3.6130556087104626,2.715775649932394,5.285755416679033,1.9231035090111859,3.2904935533350077
-6.0219855003763385,3.2921140618580877,3.090079866225288,4.119396469367456,3.7070139617778395,3.9484162330627353,2.9270065644676504,5.879626988037629,3.265967988348627,2.179409136356358,4.8102089036152345,2.8890021440049467,2.0192172841371114,2.3363200326576257,4.536904803012426,2.5316461353443414,4.7572997443530065,3.8209622830760703,3.352069509714994,5.15025782452444,2.7171320853295073,3.64940946752374
-5.828000568578602,3.017395769731459,3.1262460701540786,4.0383523877343785,3.619401443867164,4.255744695663444,2.7664303058595987,5.490807271401834,3.213778548426443,2.278202715521617,5.017630068402117,2.9531657041114405,2.0662742043691584,2.5245544344242035,4.899704935820509,3.080914627643141,4.705077599505992,4.028868957441678,3.988363369497594,5.014760232369846,3.5111606616478284,4.008325381712472
-5.634015636780866,2.74267747760483,3.162412274082869,3.957308306101302,3.5317889259564876,4.563073158264153,2.6058540472515466,5.101987554766039,3.1615891085042587,2.376996294686876,5.225051233188999,3.017329264217934,2.113331124601205,2.712788836190781,5.262505068628593,3.6301831199419405,4.652855454658978,4.236775631807285,4.624657229280194,4.879262640215252,4.30518923796615,4.367241295901205
-5.44003070498313,2.4679591854782013,3.1985784780116595,3.876264224468225,3.4441764080458115,4.870401620864862,2.445277788643495,4.713167838130243,3.1093996685820744,2.4757898738521353,5.432472397975882,3.0814928243244277,2.160388044833252,2.901023237957358,5.625305201436676,4.17945161224074,4.600633309811964,4.4446823061728935,5.260951089062795,4.743765048060658,5.09921781428447,4.726157210089937
-5.246045773185394,2.2961248267780565,3.299741339373889,3.8706479165461074,3.470871535214498,5.148366581309924,2.387079947954638,4.428408480309814,3.146849997631904,2.6191328314991664,5.628346920013426,3.2164930275508232,2.281629627401168,3.098363675080332,5.98644184137319,4.7226900187405585,4.583246893696967,4.62335306638247,5.830857029208887,4.659238511865785,5.85973307993504,5.08197622794609
-5.052060841387657,2.807733740125376,3.832667710829746,4.366087533989724,4.256896018981922,5.231273991721015,3.0089673120148235,4.834907220334417,3.7797645062816287,3.058410946203731,5.7475187437874915,3.8220509315023525,2.8956693240574336,3.356194204213664,6.336528135805708,5.225871426718568,4.797269247016125,4.607813825412673,5.959757503198116,4.913305418831958,6.3976242104355086,5.417223005878677
-4.858075909589921,3.3193426534726953,4.365594082285603,4.86152715143334,5.042920502749346,5.314181402132108,3.6308546760750087,5.241405960359019,4.412679014931353,3.4976890609082956,5.866690567561557,4.427608835453881,3.509709020713699,3.6140247333469957,6.686614430238227,5.729052834696577,5.011291600335283,4.592274584442875,6.088657977187344,5.16737232579813,6.935515340935978,5.752469783811264
-4.664090977792185,3.8309515668200147,4.89852045374146,5.356966768876957,5.82894498651677,5.397088812543199,4.252742040135194,5.647904700383622,5.045593523581077,3.9369671756128604,5.985862391335623,5.033166739405411,4.123748717369964,3.8718552624803277,7.036700724670746,6.232234242674586,5.225313953654441,4.576735343473077,6.217558451176573,5.421439232764303,7.473406471436446,6.087716561743851
-4.470106045994449,4.342560480167334,5.431446825197317,5.852406386320572,6.614969470284194,5.479996222954291,4.87462940419538,6.054403440408225,5.678508032230802,4.376245290317425,6.105034215109688,5.63872464335694,4.73778841402623,4.129685791613659,7.386787019103265,6.735415650652596,5.4393363069735985,4.5611961025032794,6.346458925165802,5.675506139730476,8.011297601936915,6.422963339676437
-4.276121114196712,4.871870654854565,5.960412842886784,6.335481992236756,7.364352610204123,5.62902742944975,5.549060237650958,6.472975316870407,6.283140656678262,4.866799416480117,6.237870723285567,6.2625253417275095,5.380579493704878,4.401036189084589,7.712917713597001,7.2194858942049525,5.698011257652885,4.622359506716748,6.475026931302666,5.97355971752159,8.499782006683066,6.784478935107224
-4.082136182398976,5.572883064538949,6.450963429042265,6.698626686336817,7.758314714803318,6.419459457963638,6.733162724241901,7.0086566167771185,6.613439004363726,5.854730853786703,6.5032546701590475,7.06328114596279,6.30225898870067,4.803529309430232,7.806679088684533,7.518177842828467,6.389816402725464,5.427538569207967,6.600369999271596,6.698284002314683,8.509021171612288,7.400802060270566
-3.88815125060124,6.273895474223334,6.941514015197744,7.061771380436878,8.152276819402514,7.2098914864775265,7.917265210832845,7.544337916683831,6.943737352049189,6.842662291093287,6.768638617032529,7.864036950198071,7.223938483696461,5.206022429775874,7.900440463772066,7.816869791451981,7.0816215477980435,6.232717631699186,6.725713067240527,7.423008287107775,8.51826033654151,8.017125185433908
-3.6941663188035037,6.9749078839077185,7.432064601353224,7.424916074536939,8.54623892400171,8.000323514991415,9.101367697423788,8.080019216590543,7.274035699734653,7.830593728399872,7.03402256390601,8.664792754433352,8.145617978692252,5.608515550121517,7.994201838859598,8.115561740075496,7.773426692870624,7.037896694190406,6.851056135209458,8.147732571900868,8.527499501470732,8.63344831059725
-3.5001813870057674,7.675920293592102,7.922615187508704,7.788060768637,8.940201028600903,8.790755543505302,10.28547018401473,8.615700516497254,7.604334047420116,8.818525165706458,7.299406510779491,9.465548558668633,9.067297473688043,6.011008670467159,8.08796321394713,8.41425368869901,8.465231837943202,7.8430757566816265,6.976399203178388,8.87245685669396,8.536738666399954,9.249771435760593
-3.306196455208031,8.387873987541095,8.420902829002117,8.174989831248523,9.321831317469886,9.588297766082107,11.404344606488003,9.124804027890006,7.946438578816184,9.775277461545572,7.601706204918596,10.212853898807452,9.985937182226486,6.44927922250606,8.222041731641525,8.746717529084522,9.101750819714049,8.607911651342386,7.122061548073774,9.579062723715348,8.579372699716295,9.902019152172375
-3.112211523410295,9.284005966611133,9.049430902017491,8.962289097136575,9.495876041546818,10.505528255384764,11.425213282979707,9.186514765964144,8.487280536007553,10.207180876015276,8.525420978029462,10.060409759988595,10.853407152066174,7.489803208048542,9.034792149885217,9.647674880797403,8.80761938590509,8.69363755418993,7.6097650545647335,9.980675224912838,9.184153684216197,11.15899748793334
-2.9182265916125587,10.180137945681173,9.677958975032864,9.749588363024628,9.669920765623749,11.42275874468742,11.44608195947141,9.248225504038283,9.028122493198921,10.639084290484979,9.44913575114033,9.907965621169737,11.720877121905863,8.530327193591024,9.847542568128908,10.548632232510284,8.513487952096131,8.779363457037475,8.097468561055692,10.382287726110327,9.788934668716099,12.415975823694303
-2.7242416598148225,11.07626992475121,10.306487048048236,10.53688762891268,9.84396548970068,12.339989233990075,11.466950635963114,9.309936242112421,9.56896445039029,11.070987704954682,10.372850524251197,9.75552148235088,12.58834709174555,9.570851179133507,10.660292986372601,11.449589584223165,8.219356518287173,8.86508935988502,8.585172067546651,10.783900227307818,10.393715653216,13.672954159455267
-2.5302567280170862,11.972401903821249,10.935015121063609,11.324186894800732,10.018010213777613,13.257219723292732,11.487819312454818,9.37164698018656,10.10980640758166,11.502891119424385,11.296565297362063,9.603077343532021,13.45581706158524,10.61137516467599,11.473043404616293,12.350546935936048,7.925225084478214,8.950815262732565,9.07287557403761,11.185512728505309,10.998496637715903,14.929932495216232
-2.336271796219343,12.843235344966397,11.548183350925763,12.096573528863063,10.191615416079154,14.151887973297061,11.517814354905395,9.44070506228587,10.645866754988353,11.926539610400933,12.210797506272243,9.46308330790674,14.303109094694062,11.640938980017614,12.2735135727778,13.244654443135737,7.647395115394101,9.044376840396806,9.564355041631304,11.583023524240131,11.60726793002552,16.144890726829054
-2.1422868644216067,12.38589554505357,11.354959815242958,12.086046992073697,10.342145725172394,13.862038660137905,12.026943610196653,9.895498705706482,10.930892588698576,11.916804617986166,12.627195094644692,9.976719689944238,14.091059449431183,12.095093859812325,12.429270611623222,13.779145113391206,8.225392044364632,9.549311345937301,10.254072467117451,11.765194783184214,12.425530382343922,15.153793490662865
-1.9483019326238704,11.928555745140743,11.161736279560154,12.075520455284332,10.492676034265635,13.57218934697875,12.536072865487913,10.350292349127093,11.215918422408802,11.907069625571397,13.04359268301714,10.490356071981735,13.879009804168305,12.549248739607036,12.585027650468644,14.313635783646674,8.803388973335164,10.054245851477795,10.943789892603599,11.947366042128298,13.243792834662326,14.162696254496677
-1.7543170008261342,11.471215945227916,10.96851274387735,12.064993918494967,10.643206343358875,13.282340033819594,13.045202120779171,10.805085992547705,11.500944256119027,11.89733463315663,13.45999027138959,11.003992454019233,13.666960158905429,13.003403619401746,12.740784689314067,14.848126453902145,9.381385902305695,10.55918035701829,11.633507318089748,12.129537301072382,14.062055286980728,13.171599018330488
-1.560332069028398,11.01387614531509,10.775289208194545,12.054467381705601,10.793736652452115,12.99249072066044,13.55433137607043,11.259879635968316,11.78597008982925,11.887599640741861,13.876387859762039,11.51762883605673,13.45491051364255,13.457558499196457,12.89654172815949,15.382617124157614,9.959382831276228,11.064114862558785,12.323224743575896,12.311708560016466,14.88031773929913,12.1805017821643
-1.3663471372306617,10.556536345402263,10.58206567251174,12.043940844916236,10.944266961545356,12.702641407501284,14.063460631361687,11.714673279388927,12.070995923539476,11.877864648327094,14.292785448134488,12.031265218094228,13.242860868379672,13.911713378991168,13.052298767004912,15.917107794413084,10.53737976024676,11.569049368099279,13.012942169062043,12.49387981896055,15.698580191617534,11.189404545998109
-1.1723622054329255,10.695679887548666,11.124139897235017,12.460945141779902,11.858052055557032,12.786363663611471,14.185915761179738,11.859442203075853,12.505655858423793,12.611235965381953,14.224251908141298,12.505310987497294,13.228252646210906,14.273975545709776,12.85937086328284,15.479140479843347,11.198659116571585,12.488560589877022,13.296771656383159,12.82736630873246,15.72184741032588,11.48241522405054
-0.9783772736351892,10.84618501716288,11.680219793585092,12.886092883094113,12.786375335948126,12.877201568660134,14.301005669560192,11.998305894005938,12.94316596666381,13.35876168833149,14.146481584750655,12.978602649993038,13.21740521305346,14.634487375036455,12.659801341607093,15.02265015603882,11.86152480484602,13.415968511011675,13.572869944882076,13.163734993377282,15.72997186267973,11.79988510046907
-0.784392341837453,10.996690146777093,12.236299689935167,13.311240624408324,13.71469861633922,12.968039473708794,14.416095577940647,12.137169584936023,13.38067607490383,14.106287411281027,14.068711261360013,13.451894312488783,13.206557779896016,14.994999204363134,12.460231819931344,14.566159832234293,12.524390493120453,14.343376432146329,13.848968233380992,13.500103678022105,15.73809631503358,12.117354976887599
-0.5904074100397168,11.147195276391306,12.792379586285243,13.736388365722537,14.643021896730312,13.058877378757455,14.531185486321103,12.276033275866109,13.818186183143848,14.853813134230563,13.990940937969372,13.925185974984526,13.195710346738572,15.355511033689815,12.260662298255596,14.109669508429766,13.187256181394888,15.27078435328098,14.125066521879909,13.83647236266693,15.746220767387431,12.434824853306129
-0.3964224782419805,11.29770040600552,13.34845948263532,14.161536107036747,15.571345177121406,13.149715283806115,14.646275394701558,12.414896966796194,14.255696291383867,15.601338857180101,13.91317061457873,14.39847763748027,13.184862913581126,15.716022863016494,12.06109277657985,13.653179184625241,13.850121869669323,16.198192274415632,14.401164810378823,14.172841047311753,15.754345219741282,12.752294729724658
-0.20243754644424428,12.264415040308103,13.22317138098609,14.655004819823985,15.655684699375245,13.117290229655817,14.296860969132975,13.121067132047456,14.840231185941386,15.173642724697142,13.70186635691514,14.306345108046385,13.527126867828647,15.336051268568735,11.935750550816808,13.605943122467437,13.93774075764672,15.715819112887417,14.11042947362217,13.713574522722638,15.559136353529894,13.042857778757972
-0.008452614646508039,13.279617367958524,13.05740597252501,15.15253220418388,15.689886572630817,13.077542623473896,13.919852226696126,13.860938672010876,15.43350022622074,14.6761314324855,13.482629390284837,14.180623022656276,13.890367736179439,14.912090559837333,11.814817867385214,13.583019194664894,13.991186568378739,15.149696580111877,13.786020852196861,13.207042540159215,15.351848280275023,13.331822402402063
0.1855323171512282,14.294819695608947,12.891640564063929,15.650059588543774,15.72408844588639,13.037795017291973,13.542843484259276,14.600810211974297,16.026769266500093,14.178620140273857,13.263392423654533,14.054900937266167,14.253608604530232,14.48812985110593,11.693885183953622,13.56009526686235,14.044632379110757,14.583574047336336,13.46161223077155,12.700510557595791,15.144560207020152,13.620787026046155
0.37951724894896444,15.310022023259368,12.725875155602848,16.14758697290367,15.758290319141961,12.998047411110052,13.165834741822424,15.340681751937717,16.62003830677945,13.681108848062213,13.044155457024232,13.929178851876058,14.616849472881023,14.064169142374528,11.572952500522028,13.537171339059805,14.098078189842777,14.017451514560797,13.13720360934624,12.193978575032368,14.937272133765283,13.909751649690246
0.5735021807467007,16.32522435090979,12.560109747141766,16.645114357263566,15.792492192397534,12.95829980492813,12.788825999385574,16.08055329190114,17.2133073470588,13.183597555850572,12.824918490393928,13.803456766485949,14.980090341231815,13.640208433643124,11.452019817090434,13.51424741125726,14.151524000574796,13.451328981785256,12.81279498792093,11.687446592468945,14.729984060510413,14.198716273334338
0.7674871125444369,15.92998850190795,12.409921113546794,16.09794387038874,15.099052213339736,12.472622910324414,12.465384131238725,15.445251333912593,16.976541954422707,13.507833907245923,12.091555446773391,13.245057836755539,14.320216679617303,12.95977327774983,11.22559601743058,12.760305233037107,13.315781391617996,13.561117653501718,12.319593234938024,12.058281603018731,14.097467367635815,14.046773899906423
0.9614720443421731,15.38934665531308,12.261338333030803,15.44307257204641,14.3305976103321,11.94097392413082,12.147464621266103,14.668178912217645,16.65420600169223,13.916786510559529,11.305189714803339,12.642053046783856,13.554867293264088,12.252897457200667,10.988296844963688,11.931000348588324,12.388369873414916,13.740587892691586,11.808990128186293,12.519566819044115,13.421112672738563,13.84937719688345
1.1554569761399094,14.84870480871821,12.11275555251481,14.788201273704077,13.562143007324464,11.409324937937223,11.829545111293482,13.891106490522695,16.331870048961754,14.325739113873135,10.518823982833286,12.039048256812173,12.789517906910874,11.546021636651503,10.750997672496794,11.101695464139542,11.460958355211837,13.920058131881454,11.298387021434563,12.9808520350695,12.744757977841308,13.65198049386048
1.3494419079376456,14.308062962123342,11.96417277199882,14.133329975361747,12.793688404316828,10.877675951743628,11.51162560132086,13.114034068827747,16.009534096231274,14.734691717186742,9.732458250863235,11.43604346684049,12.024168520557659,10.839145816102342,10.513698500029902,10.27239057969076,10.533546837008757,14.099528371071324,10.787783914682832,13.442137251094882,12.068403282944054,13.454583790837507
1.5434268397353819,13.767421115528473,11.815589991482828,13.478458677019415,12.025233801309192,10.346026965550031,11.193706091348238,12.3369616471328,15.687198143500797,15.143644320500346,8.946092518893183,10.833038676868807,11.258819134204446,10.132269995553177,10.27639932756301,9.44308569524198,9.606135318805677,14.278998610261192,10.277180807931101,13.903422467120265,11.392048588046801,13.257187087814536
1.7374117715331252,12.885085482765437,11.7762704629845,12.468751751646701,10.971914173720716,9.334769486938644,10.617870097257653,11.46888058703109,14.431319893180547,14.117409205392471,8.70642512892969,10.076138793648061,10.368569686373,9.691254244222268,9.625737953716836,9.134616221921561,8.851555890630038,13.177851202757768,9.735289272881614,13.367104958514776,10.680905926868952,12.636071574931242
1.9313967033308614,11.95131207574055,11.75339916597271,11.40562871037697,9.875711639206127,8.251312880436428,10.003207965772978,10.587099301792913,13.034908393760777,12.87512432622113,8.549056414107001,9.296071907142537,9.459518078749165,9.290260438795213,8.912850011921105,8.904552079308672,8.122994196437062,11.883922644139219,9.188687651851843,12.680610695663763,9.964526367541366,11.951170434757152
2.1253816351285977,11.017538668715664,11.730527868960918,10.342505669107236,8.779509104691538,7.167856273934213,9.388545834288303,9.705318016554735,11.638496894341005,11.63283944704979,8.391687699284313,8.516005020637014,8.550466471125329,8.889266633368157,8.199962070125373,8.674487936695783,7.394432502244087,10.589994085520667,8.642086030822073,11.994116432812747,9.248146808213777,11.266269294583065
2.319366566926334,10.083765261690777,11.707656571949126,9.279382627837506,7.683306570176947,6.084399667431997,8.773883702803628,8.823536731316558,10.242085394921233,10.390554567878448,8.234318984461625,7.735938134131489,7.641414863501494,8.4882728279411,7.487074128329642,8.444423794082894,6.665870808051112,9.296065526902117,8.0954844097923,11.307622169961732,8.53176724888619,10.581368154408977
2.51335149872407,9.149991854665892,11.684785274937337,8.216259586567773,6.587104035662358,5.000943060929782,8.159221571318955,7.94175544607838,8.845673895501463,9.148269688707106,8.076950269638939,6.955871247625964,6.732363255877658,8.087279022514045,6.77418618653391,8.214359651470005,5.937309113858136,8.002136968283567,7.54888278876253,10.621127907110717,7.815387689558602,9.89646701423489
2.7073364305218064,8.385173388005189,11.177434878800486,7.700671077438098,6.926739337050629,5.096686276522552,7.995513535607504,7.85486409040462,8.439567793278172,9.099098635516054,7.799334997591149,6.906773316838082,6.489614161135758,7.772223587602323,6.714605756062527,8.23918543410434,6.145837369787896,7.6945751354734195,7.293489479178179,9.906410226131856,7.531924994403225,9.563513216149609
2.9013213623195426,7.654525583440612,10.572099945761943,7.295819889415395,7.556768807497889,5.430919343774969,7.923009699041194,7.928736990148373,8.233748175881127,9.291231502186168,7.497400197115812,7.005511804060502,6.38162287798795,7.474548946727408,6.787154934623027,8.315561988136984,6.543889435854825,7.586503202264961,7.096992232582787,9.185984438115904,7.336018518968064,9.301739779385656
3.095306294117279,6.923877778876035,9.966765012723402,6.890968701392692,8.18679827794515,5.765152411027385,7.850505862474885,8.002609889892126,8.027928558484081,9.483364368856284,7.195465396640476,7.104250291282922,6.2736315948401415,7.176874305852493,6.859704113183526,8.39193854216963,6.941941501921756,7.478431269056503,6.900494985987395,8.46555865009995,7.140112043532903,9.039966342621701
3.289291225915015,6.193229974311459,9.36143007968486,6.486117513369989,8.81682774839241,6.099385478279802,7.7780020259085765,8.076482789635879,7.822108941087036,9.675497235526398,6.89353059616514,7.2029887785053415,6.165640311692334,6.8791996649775795,6.9322532917440265,8.468315096202275,7.339993567988686,7.370359335848044,6.703997739392002,7.745132862083999,6.944205568097742,8.778192905857749
3.4832761577127513,5.462582169746882,8.756095146646318,6.081266325347286,9.446857218839671,6.4336185455322195,7.705498189342267,8.150355689379632,7.6162893236899905,9.867630102196514,6.591595795689804,7.301727265727761,6.0576490285445255,6.581525024102665,7.004802470304527,8.544691650234922,7.738045634055616,7.262287402639586,6.50750049279661,7.024707074068046,6.748299092662582,8.516419469093796
3.6772610895104876,5.371826383311141,8.150641101631928,6.1208942586725374,8.856454030038716,6.663828131440393,7.579871840291212,7.855404822857357,7.267765437959527,9.421573184195623,6.456063809332911,6.970326089239749,6.079836757815613,6.351850312362138,6.65093724227793,8.237763835680516,7.610189075151495,6.932266920970862,6.515140869621884,6.460085465425917,6.738606595373772,8.170675097237279
3.871246021308224,5.446689707449945,7.5451562276355535,6.275563846934922,7.950174152961707,6.867113992765348,7.440496135067633,7.464993687419156,6.882306329836879,8.810337733691622,6.363600786630212,6.527594646850199,6.135717878536301,6.139775582279924,6.186705932546423,7.831627831609447,7.346214989784261,6.544800932641825,6.575616866626632,5.935789644386429,6.777110657134613,7.803197071592094
4.06523095310596,5.521553031588749,6.939671353639179,6.430233435197307,7.043894275884698,7.070399854090303,7.301120429844054,7.074582551980955,6.496847221714232,8.199102283187623,6.271137763927511,6.084863204460648,6.191598999256989,5.927700852197711,5.722474622814916,7.425491827538379,7.082240904417025,6.157334944312788,6.63609286363138,5.411493823346943,6.8156147188954534,7.43571904594691
4.259215884903696,5.596416355727554,6.3341864796428045,6.584903023459692,6.13761439880769,7.273685715415257,7.161744724620474,6.684171416542753,6.111388113591585,7.587866832683623,6.17867474122481,5.642131762071097,6.247480119977678,5.7156261221154985,5.258243313083409,7.019355823467311,6.81826681904979,5.769868955983751,6.696568860636128,4.887198002307455,6.854118780656294,7.068241020301726
4.4532008167014325,5.671279679866358,5.72870160564643,6.7395726117220764,5.231334521730682,7.476971576740212,7.022369019396896,6.293760281104552,5.725929005468937,6.976631382179624,6.086211718522111,5.199400319681546,6.303361240698366,5.503551392033285,4.794012003351902,6.613219819396243,6.554292733682555,5.3824029676547145,6.757044857640876,4.362902181267968,6.8926228424171345,6.700762994656542
4.647185748499169,5.472222944801067,5.391302445823944,7.050266196864869,5.179545885556699,7.245845273607081,6.763086878965876,5.759862157984446,5.782728857808295,6.714968497324081,5.824832228871141,5.054458809252795,6.232681882182391,5.387632033820499,4.771167214593548,6.735731483169295,6.171143629113031,5.556518646693179,6.6645358135173876,4.340982026646882,6.899167098892863,6.388069654439957
4.841170680296905,5.185241252460381,5.139955490551108,7.411041558784094,5.402038388438033,6.875278028796034,6.465316253159624,5.179906483262737,5.981488376468802,6.565514090331016,5.509232638718254,5.005104190564555,6.121378172306495,5.3025773628744455,4.890002049851282,7.027932521805906,5.749740814676101,5.910895107849622,6.522920459895943,4.4803182587773955,6.895452652437568,6.092961521891812
5.035155612094641,4.898259560119694,4.888608535278271,7.771816920703317,5.624530891319367,6.5047107839849865,6.167545627353373,4.599950808541028,6.180247895129309,6.41605968333795,5.193633048565367,4.955749571876315,6.0100744624306,5.217522691928392,5.008836885109015,7.3201335604425175,5.328338000239171,6.265271569006065,6.381305106274498,4.619654490907909,6.891738205982272,5.7978533893436675
5.2291405438923775,4.611277867779008,4.637261580005435,8.132592282622541,5.847023394200701,6.134143539173939,5.869775001547122,4.019995133819318,6.379007413789816,6.266605276344885,4.878033458412479,4.906394953188075,5.898770752554705,5.132468020982339,5.127671720366748,7.612334599079128,4.906935185802242,6.619648030162508,6.239689752653053,4.758990723038423,6.888023759526977,5.502745256795523
5.423125475690114,4.324296175438322,4.3859146247325995,8.493367644541767,6.069515897082034,5.763576294362893,5.572004375740871,3.440039459097609,6.577766932450324,6.1171508693518195,4.562433868259592,4.857040334499835,5.787467042678809,5.047413350036285,5.246506555624481,7.904535637715739,4.485532371365312,6.974024491318952,6.098074399031608,4.898326955168936,6.884309313071681,5.207637124247378
5.61711040748785,4.368896756853369,4.7206935201372175,8.075242587498288,5.9605629103524445,5.776712145124156,5.581247806549068,3.630678381238644,6.562758173261375,5.810375962938597,5.0555033002580565,5.011094025203151,5.549577168055955,4.624823263713315,5.039527824946827,7.853860582624171,4.5520113536289655,6.818134035382967,6.3978320530482495,4.794294800077175,6.997021538870669,5.106088706425259
5.811095339285586,4.542685237134314,5.2838331365850495,7.3536498347549895,5.722475317280908,5.939342708446093,5.710107103570711,4.121548964495099,6.464463072053139,5.442307355452573,5.863638585042831,5.244397706578517,5.262368008466743,4.070725872698013,4.705608743904708,7.66959743906705,4.8085741527889905,6.463438287073268,6.869553216534314,4.595443792820871,7.155094805807699,5.079953164470441
6.0050802710833295,4.7164737174152656,5.846972753032902,6.632057082011665,5.484387724209364,6.101973271768035,5.838966400592359,4.612419547751571,6.3661679708448995,5.074238747966534,6.671773869827635,5.477701387953891,4.975158848877521,3.51662848168269,4.371689662862577,7.485334295509921,5.065136951949025,6.108742538763555,7.341274380020394,4.396592785564559,7.313168072744735,5.053817622515622
6.199065202881066,4.89026219769621,6.410112369480734,5.9104643292683665,5.246300131137828,6.2646038350899715,5.9678256976140025,5.103290131008026,6.267872869636664,4.70617014048051,7.479909154612409,5.711005069329258,4.687949689288309,2.962531090667387,4.0377705818204594,7.301071151952799,5.32169975110905,5.754046790453855,7.8129955435064575,4.197741778308255,7.471241339681765,5.027682080560804
6.393050134678802,5.064050677977155,6.973251985928565,5.188871576525068,5.008212538066292,6.427234398411908,6.096684994635646,5.594160714264481,6.169577768428428,4.338101532994486,8.288044439397183,5.944308750704624,4.400740529699097,2.4084336996520843,3.703851500778341,7.116808008395678,5.578262550269075,5.399351042144156,8.284716706992521,3.9988907710519506,7.629314606618795,5.001546538605985
6.587035066476538,5.179950958280261,6.9103989884229655,5.015394863701934,4.8272980405138695,5.9404533710019685,5.823389125003001,5.721450730467106,6.091664726526265,4.376563255331293,8.096451549671572,5.51794342251567,4.0855405166994005,2.266489569464068,3.4385921672014232,6.8511170509352555,5.6484304306016115,5.155106545379302,8.312282054455247,3.6678811395765467,7.364440429630882,4.87090958469653
6.7810199982742745,5.268889611196428,6.555987787158235,5.097205073581339,4.673012107997746,5.151206671196363,5.3627881092574015,5.679401852425484,6.023244698547477,4.60436787101024,7.439231838941127,4.784334993981694,3.7573036678646843,2.3165072319901294,3.205311346142544,6.547500810286995,5.631784239151482,4.962305097279169,8.132980309523543,3.27531817627307,6.9025770321847775,4.6916007402876545
6.975004930072011,5.357828264112596,6.201576585893505,5.179015283460744,4.518726175481623,4.361959971390757,4.902187093511802,5.6373529743838615,5.954824670568689,4.832172486689186,6.782012128210681,4.050726565447717,3.429066819029968,2.3665248945161905,2.9720305250836647,6.243884569638735,5.615138047701352,4.769503649179038,7.953678564591839,2.882755212969593,6.440713634738673,4.51229189587878
7.168989861869747,5.446766917028763,5.847165384628774,5.26082549334015,4.364440242965499,3.5727132715851506,4.441586077766203,5.595304096342239,5.886404642589901,5.059977102368133,6.124792417480236,3.31711813691374,3.1008299701952518,2.416542557042252,2.7387497040247855,5.9402683289904745,5.598491856251223,4.5767022010789065,7.7743768196601355,2.4901922496661157,5.978850237292568,4.332983051469905
7.362974793667483,5.535705569944931,5.492754183364044,5.342635703219555,4.210154310449376,2.7834665717795444,3.9809850620206038,5.553255218300616,5.817984614611114,5.2877817180470785,5.467572706749791,2.5835097083797636,2.7725931213605355,2.466560219568313,2.5054688829659066,5.636652088342214,5.581845664801093,4.383900752978774,7.595075074728431,2.097629286362639,5.516986839846464,4.15367420706103
7.556959725465219,5.114367561570342,5.23327030896698,5.124338394635681,3.9433571336884206,2.1497053179426815,3.6612905199762165,5.408659660749842,5.6016762243352245,5.002206376841865,4.9413392521675945,2.43958979723405,2.7839117240374978,2.477663549731083,2.7422524498212346,5.324341602360824,5.277721074162694,4.2751348049609685,6.806157331077413,1.8062572927112246,5.2436055004707285,4.130076958651004
7.750944657262956,4.412007623789262,5.026065252265152,4.740764481680734,3.614597242705676,1.6015737300016444,3.419196644607856,5.2075891202809865,5.303922069316008,4.433900044888866,4.487243156043851,2.6204258811717134,2.982231879720883,2.467335798302475,3.237912056397419,5.007242981268435,4.815275046290184,4.212649277278355,5.681509037407077,1.5706136591580449,5.0740258742351925,4.1922339225301934
7.944929589060692,3.709647686008182,4.818860195563323,4.357190568725787,3.2858373517229316,1.0534421420606073,3.177102769239495,5.006518579812131,5.006167914296791,3.8655937129358673,4.033147059920107,2.8012619651093766,3.180552035404268,2.4570080468738675,3.7335716629736027,4.690144360176046,4.352829018417673,4.150163749595742,4.556860743736742,1.334970025604865,4.9044462479996564,4.254390886409384
8.138914520858428,3.007287748227102,4.611655138861495,3.9736166557708392,2.9570774607401873,0.5053105541195704,2.935008893871134,4.8054480393432755,4.708413759277574,3.297287380982868,3.5790509637963632,2.98209804904704,3.3788721910876536,2.44668029544526,4.229231269549787,4.373045739083657,3.890382990545162,4.087678221913128,3.4322124500664053,1.0993263920516856,4.7348666217641195,4.316547850288575
8.332899452656164,2.304927810446022,4.4044500821596655,3.590042742815892,2.628317569757443,-0.042821033821466514,2.692915018502773,4.60437749887442,4.410659604258357,2.728981049029869,3.1249548676726193,3.162934132984703,3.5771923467710387,2.4363525440166525,4.72489087612597,4.055947117991268,3.4279369626726512,4.0251926942305145,2.3075641563960696,0.8636827584985058,4.5652869955285835,4.378704814167764
8.5268843844539,2.1927116027789513,4.2328312719907775,3.4883806329490064,2.802462365499001,0.2759662699610752,2.6388321161712462,4.448374304567952,4.3289101871356,2.6036879578415193,2.9094190482527087,3.041787776080052,3.735785022516195,2.426361504644985,4.939276422773089,3.974748429208163,3.1290788836293446,4.216344529932188,1.783294017770519,1.1920562880822003,4.473814273367124,4.303222796470207
8.720869316251637,2.4618190361086594,4.084206651889329,3.5688769189236544,3.3015609588162924,1.154916549934289,2.7062332271866087,4.321491549320259,4.386733062192105,2.7646495760703544,2.8480298691645194,2.7255143035541947,3.868707634301263,2.416588033063956,4.971915653773716,4.045977388994149,2.9359237869064567,4.571385123512955,1.6469605331739408,1.8848716769236005,4.432810627684302,4.138804821446127
8.914854248049373,2.730926469438368,3.935582031787882,3.649373204898302,3.8006595521335833,2.033866829907503,2.7736343382019713,4.194608794072566,4.444555937248611,2.925611194299189,2.78664069007633,2.4092408310283373,4.0016302460863304,2.406814561482927,5.004554884774344,4.117206348780133,2.7427686901835684,4.926425717093722,1.5106270485773625,2.5776870657650006,4.391806982001481,3.974386846422046
9.10883917984711,3.000033902768076,3.786957411686434,3.72986949087295,4.299758145450874,2.912817109880717,2.8410354492173333,4.067726038824873,4.502378812305117,3.086572812528024,2.725251510988141,2.09296735850248,4.134552857871399,2.3970410899018977,5.037194115774972,4.188435308566119,2.5496135934606805,5.281466310674489,1.374293563980784,3.270502454606401,4.350803336318659,3.809968871397966
9.302824111644846,3.2691413360977846,3.638332791584986,3.810365776847598,4.7988567387681655,3.7917673898539306,2.908436560232696,3.9408432835771796,4.560201687361623,3.2475344307568585,2.663862331899952,1.7766938859766224,4.267475469656467,2.3872676183208688,5.069833346775599,4.259664268352104,2.356458496737792,5.636506904255256,1.2379600793842058,3.9633178434478014,4.309799690635837,3.6455508963738854
9.496809043442582,3.2940542105177584,3.555337713910388,3.724380267130868,4.899834040144603,4.07695353982179,3.127480098179403,3.763700910313456,4.47653446613305,3.4058762162868494,2.641308730962325,1.8491807696107085,4.339124988315278,2.707597869667794,4.644917855236229,4.055479369490848,2.3005576045261016,5.671968328267174,1.2688343799180553,4.327812272675182,4.119557375368254,3.529243631132902
9.690793975240318,3.1348203683828415,3.5218337665904658,3.5128511082042397,4.7005887279262835,3.9143831327364076,3.460876941680901,3.5486578414966585,4.286169795246871,3.56224239027345,2.648040975843157,2.2148312005129647,4.36456856789527,3.2768587973210597,3.8749610975191358,3.643605331321824,2.348159882929417,5.466435624407488,1.4257997971076435,4.444720404488697,3.8167744240203527,3.449216573269338
9.884778907038061,2.9755865262479184,3.4883298192705423,3.301321949277604,4.501343415707956,3.751812725651019,3.794273785182411,3.333614772679853,4.095805124360686,3.718608564260056,2.6547732207239894,2.580481631415234,4.390012147475263,3.8461197249743457,3.105004339802015,3.231731293152786,2.3957621613327342,5.260902920547795,1.5827652142972377,4.5616285363022175,3.51399147267244,3.369189515405771
10.07876383883579,2.816352684113007,3.454825871950621,3.089792790350983,4.3020981034896435,3.589242318565643,4.127670628683896,3.118571703863063,3.9054404534745144,3.874974738246651,2.661505465604821,2.946132062317477,4.415455727055253,4.41538065262759,2.33504758208495,2.819857254983778,2.443364439736048,5.055370216688117,1.7397306314868204,4.678536668115729,3.21120852132455,3.2891624575422096
10.272748770633534,2.6571188419780842,3.4213219246306976,2.878263631424347,4.102852791271316,3.426671911480254,4.461067472185407,2.9035286350462575,3.715075782588329,4.031340912233257,2.6682377104856534,3.311782493219747,4.440899306635246,4.984641580280876,1.5650908243678288,2.4079832168147393,2.490966718139365,4.849837512828424,1.8966960486764144,4.795444799929249,2.9084255699766373,3.209135399678643
10.466733702431263,2.536254769132402,3.4091527448735564,2.623463970610749,4.232686494852024,3.2005277657553193,4.600911795097734,2.75824881750047,3.693059209105252,3.7550521720760868,3.0878868536515363,3.271990813881672,4.023004076863517,4.890815694168486,1.0741419375343735,2.123508459119503,2.501081332647292,4.469902492409977,2.1247287384875295,4.522729556060702,2.6077457438594682,2.782857757552465
10.660718634229006,2.4490483886456897,3.41569827350482,2.3307077291945153,4.651186001765263,2.918617182627237,4.570973205212538,2.674164834402929,3.818716405274034,3.0992415774067616,3.86974380233071,2.8765481606485226,3.216215154677905,4.2153347082615795,0.8279367970900524,1.9507874562258187,2.4783120314575067,3.9369829837820323,2.4151011411245773,3.9082394212429086,2.308910764435893,2.0528515327397017
10.854703566026735,2.3618420081589835,3.4222438021360833,2.037951487778303,5.06968550867847,2.636706599499176,4.541034615327344,2.5900808513053946,3.944373601442807,2.4434309827374845,4.651600751009826,2.4811055074154016,2.4094262324923528,3.5398537223547226,0.5817316566457493,1.778066453332147,2.455542730267723,3.4040634751541266,2.7054735437616038,3.293749286425159,2.010075785012339,1.3228453079269922
11.048688497824479,2.2746356276722715,3.428789330767347,1.7451952463620692,5.488185015591708,2.3547960163710937,4.511096025442148,2.5059968682078537,4.070030797611588,1.7876203880681594,5.433457699689,2.085662854182252,1.6026373103067413,2.864372736447816,0.33552651620142815,1.6053454504384628,2.4327734290779377,2.8711439665261818,2.995845946398651,2.6792591516073654,1.7112408055887636,0.5928390831142294
11.242673429622208,2.187429247185565,3.4353348593986097,1.4524390049458566,5.906684522504915,2.0728854332430324,4.481157435556955,2.421912885110319,4.1956879937803615,1.1318097933988827,6.215314648368116,1.6902202009491318,0.7958483881211889,2.188891750540959,0.08932137575712518,1.4326244475447911,2.410004127888154,2.3382244578982756,3.2862183490356776,2.0647690167896164,1.41240582616521,-0.13716714169848032
11.436658361419951,1.9225692317885008,3.2795772112366857,1.0352694092522319,5.966677371115314,1.8276264496106158,3.9546330865327337,2.538416776232462,3.9455744322244226,0.6258193723345964,6.190970049275967,1.7015875810152559,0.637527628710191,1.7340761824530035,0.2655429569572376,1.188415744806707,2.49335118481312,2.0393459033877663,3.2686032081136878,1.3923210281609175,1.0501116458914104,-0.4709711890107745
11.63064329321768,1.4767036261054467,2.958454062191157,0.49133903750243524,5.661399284851139,1.6197106050870063,2.9221534357442898,2.8592932184463375,3.31260009864711,0.27247592060377446,5.345212552454592,2.1274406553862764,1.13991028042802,1.5040895306334336,0.872161575304472,0.8713705176988791,2.684816795288953,1.9789241700535218,2.93718943790515,0.6608216413098398,0.6231609213551487,-0.4010975460395695
11.824628225015424,1.03083802042236,2.637330913145604,-0.05259133424740137,5.3561211985869415,1.4117947605633816,1.8896737849557703,3.1801696606602365,2.6796257650697504,-0.08086753112707323,4.499455055633157,2.553293729757328,1.6422929321458857,1.274102878813847,1.4787801936517506,0.554325290591028,2.8762824057647998,1.918502436719273,2.605775667696588,-0.07067774554129147,0.19621019681885588,-0.33122390306835936
12.018613156813153,0.5849724147393061,2.316207764100075,-0.5965217059971981,5.050843112322766,1.203878916039772,0.8571941341673264,3.5010461028741124,2.0466514314924376,-0.43421098285789506,3.6536975588117824,2.979146804128348,2.1446755838637146,1.0441162269942774,2.0853988119989855,0.23728006348319997,3.0677480162406323,1.8580807033850284,2.27436189748805,-0.8021771323923692,-0.23074052771740572,-0.26135026009715434
12.212598088610896,0.1391068090562193,1.9950846150545225,-1.1404520777470348,4.745565026058568,0.9959630715161473,-0.17528551662119352,3.821922545088011,1.4136770979150781,-0.7875544345887429,2.8079400619903465,3.4049998784993996,2.64705823558158,0.8141295751746909,2.692017430346264,-0.07976516362465103,3.259213626716479,1.7976589700507795,1.9429481272794882,-1.5336765192435007,-0.6576912522536986,-0.19147661712594422
12.40658302040864,0.06895837052301813,1.7451204224066306,-1.1016547463156985,4.144661226055842,0.7985631992871117,-0.6207570379430606,3.7427049658515257,1.13168821551583,-0.7781162261962906,2.0954412628303896,3.486534237861634,2.8408673026345,0.6416582912206653,2.9479904391548857,-0.23193775422193796,3.203958717259495,1.6576781760562558,1.5939963344823243,-1.7210990569808287,-0.6941820274699833,0.0026582669128060177
12.600567952206369,0.4435363747386718,1.5793851985559895,-0.3730980927515384,3.1938331118320393,0.6136108044680131,-0.3714026101002757,3.189906708163563,1.2651514998172295,-0.3392629915354364,1.540677248657544,3.160507669254237,2.6694260041656275,0.537266422291195,2.7889135427952754,-0.18895497915364526,2.856667274004466,1.423525432708763,1.2242852496415346,-1.2645122631140402,-0.26849571981767784,0.3438778852763875
12.794552884004112,0.8181143789543528,1.4136499747053364,0.35545856081267524,2.243004997608167,0.42865840964890073,-0.1220481822574726,2.6371084504755595,1.3986147841186387,0.09959024312544995,0.9859132344846582,2.8344811006468156,2.497984705696742,0.43287455336171715,2.629836646435654,-0.1459722040853494,2.5093758307494114,1.189372689361253,0.8545741648007178,-0.8079254692472184,0.15719058783465867,0.685097503639994
12.988537815801841,1.1926923831700063,1.247914750854695,1.0840152143768353,1.2921768833843643,0.24370601482980203,0.12730624558531223,2.084310192787597,1.5320780684200384,0.5384434777863042,0.4311492203118128,2.5084545320394183,2.3265434072278697,0.3284826844322469,2.470759750076044,-0.10298942901705668,2.1620843874943825,0.95521994601376,0.48486307995992806,-0.35133867538042995,0.5828768954869641,1.0263171220035754
13.182522747599585,1.5672703873856875,1.082179527004042,1.812571867941049,0.3413487691604926,0.05875362001068973,0.37666067342811527,1.5315119350995938,1.6655413527214475,0.9772967124471906,-0.12361479386107321,2.182427963431997,2.155102108758985,0.22409081550276894,2.3116828537164222,-0.06000665394876084,1.814792944239328,0.7210672026662501,0.11515199511911134,0.10524811848639182,1.0085632031393008,1.3675367403671819
13.376507679397314,1.723617733520129,0.9823780317474607,2.154772645024957,-0.02415398918853523,0.15482680715190905,0.6435990913015947,1.1333316190233964,1.6429373396349805,1.2305699754955595,-0.1409645375825202,1.9995149911445234,2.0058743677245467,0.365975071359864,2.009200624776031,0.022324670403363292,1.5170854463316348,0.592109512530806,0.22813752589396502,0.21807729224770264,1.2978980868557142,1.456736170128685
13.570492611195057,1.5792917285204353,0.973418562553809,1.964660881180486,0.4167915205566318,0.6380907961051702,0.9347643398840529,0.9481804669456241,1.40530727236965,1.2281552776556066,0.5821231579847042,2.0137807515645076,1.8872519724886563,0.8471730991451625,1.5091377153909638,0.15886955154655585,1.2876936064580342,0.6080872290430797,1.006171727072674,-0.14271514391413098,1.3993710087048998,1.1987077844828493
13.764477542992786,1.4349657235207525,0.9644590933601579,1.7745491173360293,0.8577370303017666,1.121354785058396,1.22592958846649,0.7630293148678655,1.167677205104337,1.225740579815654,1.3052108535518754,2.0280465119844906,1.7686295772527743,1.3283711269304257,1.0090748060059334,0.2954144326897384,1.0583017665844505,0.6240649455553522,1.7842059282513258,-0.5035075800759381,1.5008439305540782,0.9406793988370326
13.95846247479053,1.2906397185210587,0.9554996241665061,1.5844373534915583,1.2986825400469337,1.6046187740116573,1.517094837048948,0.5778781627900933,0.9300471378390067,1.2233258819757014,2.0282985491190995,2.042312272404475,1.6500071820168833,1.8095691547157242,0.5090118966208665,0.43195931383293096,0.82890992671085,0.640042662067626,2.5622401294300348,-0.8643000162377716,1.602316852403264,0.682651013191197
14.152447406588259,1.146313713521376,0.946540154972855,1.3943255896471016,1.7396280497920686,2.0878827629648833,1.808260085631385,0.3927270107123346,0.6924170705736938,1.2209111841357487,2.751386244686271,2.056578032824458,1.5313847867810013,2.2907671825009874,0.008948987235835926,0.5685041949761135,0.5995180868372663,0.6560203785798985,3.3402743306086866,-1.2250924523995788,1.7037897742524422,0.42462262754538016
14.346432338386002,1.0394220259282487,0.8663507353424545,1.4451432166161562,2.0064520265264276,2.450801335814272,1.872896436470553,0.2798165708835581,0.6531067270516078,1.1851255168277817,2.997709548097363,2.028146594044006,1.4209641376320175,2.5010841764191705,-0.27994569248635504,0.5325337852971611,0.41671311949312145,0.7013408591442091,3.490463331037621,-1.2833786889882965,1.67874655896082,0.2267653463556928
14.540417270183731,0.9927904590383763,0.6714984686675496,1.88379839952889,1.9929828037799844,2.6199931412769346,1.5728765128937257,0.2831960580897463,0.9330427680917864,1.0956207279371661,2.476558464135233,1.9309830785018858,1.3237462992570859,2.275348774356175,-0.2289110268975908,0.218855834294788,0.30890165426956945,0.7938960330605707,2.629974691235309,-0.8547037262642411,1.4500432204669444,0.12576886746127228
14.734402201981474,0.9461588921485005,0.47664620199263047,2.322453582441656,1.97951358103354,2.789184946739609,1.2728565893168766,0.2865755452959347,1.2129788091319855,1.0061159390465442,1.9554073801730647,1.8338195629597587,1.226528460882147,2.0496133722931624,-0.17787636130882284,-0.0948221167076081,0.20109018904600956,0.8864512069769391,1.7694860514329327,-0.4260287635401543,1.2213398819730523,0.024772388566844328
14.928387133779204,0.8995273252586281,0.28179393531772556,2.7611087653543898,1.9660443582870966,2.958376752202271,0.9728366657400496,0.2899550325021229,1.4929148501721645,0.9166111501559286,1.4342562962109344,1.7366560474176387,1.1293106225072154,1.8238779702301668,-0.1268416957200586,-0.40850006770998126,0.09327872382245755,0.9790063808933007,0.9089974116306201,0.0026461991839010768,0.992636543479177,-0.07622409032757621
15.122372065576947,0.8528957583687523,0.08694166864280639,3.1997639482671554,1.9525751355406522,3.1275685576649455,0.6728167421632005,0.29333451970831137,1.7728508912123637,0.8271063612653066,0.9131052122487664,1.6394925318755114,1.0320927841322765,1.5981425681671544,-0.07580703013129061,-0.7221780187123774,-0.014532741401102334,1.071561554809669,0.048508771828244424,0.43132116190798797,0.7639332049852847,-0.17722056922200413
15.316356997374676,0.7342770938970713,-0.14237873632190023,3.304235741800214,1.9876292490561007,3.1361803807221578,0.5062420365982868,0.1518147973713671,2.000269479344633,0.7511265942470947,0.4464247755305599,1.8090187512434635,0.928685993122042,1.207409230587906,-0.07328797177392227,-0.8720526343180499,0.0852196213265529,1.2073732360174478,-0.6873773318716908,0.6898241780684503,0.7945689619803693,-0.22964686355752437
15.51034192917242,0.4794666231894995,-0.43690913264572107,2.7764686905607916,2.114484269012988,2.840992237066296,0.5921312570018975,-0.26383856464184036,2.1283307241376113,0.7007347064469435,0.0827969146792234,2.483093117738695,0.8135703728017655,0.5045176366264655,-0.16255519736786223,-0.7120290478218032,0.5776603072052289,1.4250215526414478,-1.187528907810378,0.6263802682977443,1.3158462509816975,-0.1901836195383534
15.704326860970149,0.22465615248194637,-0.7314395289695202,2.248701639321408,2.2413392889698662,2.5458040934104553,0.6780204774055019,-0.6794919266550175,2.25639196893058,0.6503428186467959,-0.2808309461720865,3.157167484233877,0.6984547524814974,-0.19837395733492347,-0.25182242296179563,-0.5520054613255683,1.070100993083869,1.642669869265432,-1.6876804837490287,0.5629363585270429,1.8371235399829875,-0.1507203755191853
15.898311792767892,-0.03015431822562542,-1.0259699252933412,1.720934588081986,2.3681943089267534,2.250615949754593,0.7639096978091127,-1.095145288668225,2.3844532137235586,0.5999509308466445,-0.644458807023423,3.8312418507291084,0.5833391321612208,-0.9012655512963641,-0.3410896485557356,-0.3919818748293217,1.5625416789625448,1.8603181858894322,-2.187832059687716,0.4994924487563369,2.3584008289843155,-0.11125713150001432
16.09229672456562,-0.28496478893317856,-1.3205003216171405,1.1931675368426022,2.4950493288836313,1.9554278060987524,0.849798918212717,-1.510798650681402,2.5125144585165273,0.5495590430464969,-1.008086667874733,4.505316217224291,0.4682235118409527,-1.6041571452577532,-0.430356874149669,-0.23195828833308663,2.0549823648411847,2.077966502513416,-2.687983635626366,0.4360485389856355,2.879678117985606,-0.07179388748084622
16.286281656363364,-0.29372068084016545,-1.4587604525137936,0.9452335420919896,2.665419340133665,1.761085517552434,0.8752415806663287,-1.6490770237786465,2.410451756448166,0.49985077551433055,-1.2137342606272028,4.978755269731794,0.47991105245083954,-1.9810690356760636,-0.40389863082341,-0.06194948998032927,2.5327461398377675,2.1472981268045874,-2.947909664134592,0.3144033940470967,3.0940666016267304,-0.059943009091882875
16.480266588161108,0.24928217971481126,-1.2465963518464667,1.3248039770436075,2.93336842276834,1.7928824192517772,0.7651374162017497,-1.1653629974885296,1.7923535371755466,0.45167547464370605,-1.0651230703700634,5.002284830266779,0.7759450751465711,-1.62699613633093,-0.11793479052456218,0.13045038950521165,2.97759805406844,1.884040804652418,-2.669148101435072,0.06224638842916469,2.6202801883994637,-0.11001076878278411
16.674251519958837,0.7922850402697481,-1.034432251179155,1.7043744119951973,3.2013175054029945,1.824679320951118,0.6550332517371786,-0.6816489711984484,1.1742553179029722,0.40350017377308506,-0.916511880112935,5.025814390801764,1.071979097842281,-1.272923236985822,0.1680290497742647,0.32285026899073854,3.4224499682990803,1.6207834825002676,-2.3903865387355725,-0.1899106171887489,2.1464937751722317,-0.16007852847368167
16.86823645175658,1.3352879008247247,-0.822268150511828,2.083944846946815,3.4692665880376694,1.8564762226504612,0.5449290872725996,-0.1979349449083314,0.5561570986303526,0.35532487290246056,-0.7679006898557958,5.049343951336749,1.3680131205380124,-0.9188503376406887,0.4539928900731125,0.5152501484762795,3.867301882529753,1.3575261603480984,-2.111624976036053,-0.442067622806681,1.672707361944965,-0.21014628816458292
17.06222138355431,1.8782907613796618,-0.6101040498445165,2.463515281898405,3.737215670672324,1.888273124349802,0.4348249228080286,0.28577908138175,-0.061941120642222014,0.30714957203183957,-0.6192894995986674,5.072873511871734,1.6640471432337223,-0.564777438295581,0.7399567303719394,0.7076500279618063,4.312153796760393,1.0942688381959482,-1.8328634133365531,-0.6942246284245945,1.198920948717733,-0.26021404785548047
17.256206315352053,2.165617355886766,-0.5035771248734305,2.5552873384753414,3.7837073570722044,1.8779529151757246,0.34740719500521305,0.5550682628751871,-0.48996443276557844,0.15291444467922677,-0.5166653849198338,4.865794297162579,1.796851220013698,-0.3023461067223149,0.9293698112243615,0.8741279893549575,4.572466743678017,0.82750238215547,-1.5385192390082016,-0.8500621037934385,0.7551887991919325,-0.18357649451062455
17.45019124714978,1.7652629589548017,-0.6811777759129085,1.8729809980445706,3.234555012219926,1.7543522008938368,0.32100815891334933,0.24762855146723795,-0.40675178772885845,-0.28658504355594056,-0.5377306459343716,4.038456997314078,1.4906230284685624,-0.28639899191476015,0.8590946425312321,0.9708849296720194,4.336433502650222,0.55129756600163,-1.2022632127126731,-0.7468332564233653,0.39229225548389474,0.23385465941313088
17.644176178947525,1.3649085620228079,-0.8587784269523995,1.19067465761375,2.6854026673676072,1.6307514866119397,0.2946091228214837,-0.059811159940733716,-0.32353914269213235,-0.72608453179114,-0.5587959069489108,3.2111196974655156,1.1843948369234045,-0.27045187710720425,0.7888194738380976,1.0676418699890884,4.1004002616224104,0.2750927498477699,-0.8660071864171203,-0.6436044090532846,0.029395711775830335,0.6512858133369168
17.838161110745254,0.9645541650908436,-1.0363790779918776,0.5083683171829794,2.136250322515328,1.507150772330052,0.26821008672962,-0.36725087134868284,-0.24032649765541236,-1.1655840200263072,-0.5798611679634486,2.3837823976170145,0.878166645378269,-0.2545047622996495,0.7185443051449681,1.1643988103061502,3.8643670205946155,-0.0011120663060700808,-0.5297511601215918,-0.5403755616832115,-0.3335008319322075,1.0687169672606722
18.032146042542998,0.5641997681588498,-1.2139797290313683,-0.17393802324784158,1.5870979776630092,1.3835500580481548,0.24181105063775438,-0.6746905827566547,-0.15711385261868627,-1.6050835082615067,-0.6009264289779878,1.5564450977684525,0.5719384538331111,-0.23855764749209363,0.6482691364518336,1.2611557506232194,3.6283337795668027,-0.27731688245993036,-0.1934951338260389,-0.4371467143131308,-0.6963973756402717,1.4861481211844583
18.226130974340727,0.27242542197841263,-1.2547084234641188,-0.6718439805651447,1.185605701135127,1.3067038353387392,0.24298356122342218,-0.8911684945032216,-0.11010724109820205,-1.83634614850463,-0.6832901765773749,0.8949993402042314,0.3447725585971109,-0.1426527000867021,0.5979125655648435,1.2712596529241247,3.3205525034655143,-0.5447317552035663,0.10373508927441262,-0.3340665163931935,-1.0124893748030328,1.8274177040814887
18.42011590613847,0.3367936422630236,-0.8464971002267304,-0.5649166812702094,1.268438448711318,1.3832123449870524,0.3345907449114085,-0.8092917033604208,-0.18185641951098777,-1.384591927333751,-0.9667129601751074,0.7776778413324933,0.3769309952551007,0.21551393823964493,0.6128889954819973,0.9971415905319896,2.7774376723231065,-0.7833156135617485,0.2729606778950119,-0.23147388866969443,-1.175062467857284,1.918877334010845
18.6141008379362,0.40116186254762987,-0.4382857769893721,-0.45798938197528194,1.3512711962875028,1.45972085463536,0.4261979285993881,-0.727414912217626,-0.25360559792376824,-0.932837706162905,-1.250135743772819,0.6603563424607637,0.40908943191308816,0.5736805765659657,0.6278654253991499,0.7230235281398747,2.234322841180738,-1.0218994719199133,0.4421862665155988,-0.12888126094620286,-1.3376355609115234,2.0103369639401945
18.808085769733943,0.46553008283224084,-0.0300744537519837,-0.35106208268034667,1.4341039438636936,1.536229364283673,0.5178051122873744,-0.6455381210748252,-0.32535477633655396,-0.4810834849920258,-1.5335585273705519,0.5430348435890255,0.44124786857107795,0.9318472148923127,0.6428418553163037,0.4489054657477396,1.6912080100383302,-1.2604833302780956,0.6114118551361981,-0.026288633222703806,-1.5002086539657746,2.1017965938695506
19.00207070153167,0.529898303116847,0.3781368694853746,-0.24413478338541922,1.5169366914398783,1.6127378739319806,0.6094122959753541,-0.5636613299320303,-0.39710395474933446,-0.02932926382117995,-1.8169813109682635,0.42571334471729594,0.47340630522906535,1.2900138532186336,0.6578182852334563,0.1747874033556247,1.1480931788959623,-1.4990671886362603,0.780637443756785,0.07630399450078773,-1.662781747020014,2.1932562237989
19.196055633329415,0.6394322398421031,0.7422735396917751,-0.12271669197392288,1.654688609110842,1.6443819001123514,0.6515643824037031,-0.4289398797146712,-0.3680980313908003,0.30101847493803463,-1.8793027246153262,0.36994836856792357,0.5305425578897638,1.5085287177330513,0.7791702979570818,-0.00611793162760936,0.7263096679340704,-1.6123679435098355,0.8820499383977496,0.10327565670013636,-1.6415365887926825,2.2226031709027
19.390040565127144,0.9339305391338055,0.9259140117712418,0.05804464334348225,2.0173476043127745,1.4922951844716184,0.4911860705306738,-0.07780696852531632,0.07352402303124006,0.13417776191611303,-1.036161385131052,0.5662720092815815,0.6899689141806,1.1551363180652554,1.3361556497929246,0.1947050456351518,0.8014068015210007,-1.2126045603035729,0.7057516672173403,-0.17943853991371,-0.8675119253169524,1.9975838931018313
19.584025496924887,1.2284288384255295,1.1095544838507219,0.23880597866090064,2.3800065995147337,1.3402084688308742,0.33080775865763273,0.2733259426640642,0.5151460774533128,-0.03266295110582079,-0.19302004564671615,0.7625956499952538,0.8493952704714478,0.8017439183974336,1.893141001628808,0.39552802289792766,0.8765039351079366,-0.812841177097281,0.5294533960369182,-0.46215273652757705,-0.09348726184116551,1.7725646153009462
19.778010428722617,1.5229271377172322,1.2931949559301885,0.4195673139783058,2.7426655947166667,1.1881217531901411,0.17042944678460337,0.624458853853419,0.9567681318753529,-0.1995036641277424,0.6501212938375578,0.9589192907089118,1.008821626762284,0.44835151872963785,2.4501263534646505,0.5963510001606889,0.9516010686948668,-0.4130777938910184,0.353155124856509,-0.7448669331414235,0.6805374016345647,1.5475453375000778
19.97199536052036,1.8174254370089562,1.4768354280096687,0.6003286492957242,3.1053245899186255,1.036035037549397,0.010051134911562398,0.9755917650427994,1.3983901862974257,-0.3663443771496762,1.4932626333218937,1.1552429314225843,1.1682479830531318,0.09495911906181598,3.007111705300534,0.7971739774234647,1.0266982022818028,-0.013314410684726496,0.17685685367608683,-1.0275811297552906,1.4545620651103512,1.322526059699193
20.16598029231809,1.9813496729217586,1.582412469461712,0.7614393552734124,3.328094976510123,0.8549905763265302,-0.09331510999760964,1.1837790613935502,1.753810163110444,-0.4677824704235804,2.1805199643455384,1.3079537165408268,1.275526607799626,-0.1840257851444997,3.4250787047596867,0.9283328462177942,1.012681256198728,0.3013285974624712,0.10496717987230882,-1.2490718027435166,2.127840638824202,1.0474191658572296
20.359965224115832,1.4539994556519091,1.2747125252390203,0.8185173176878685,2.8102786116343577,0.5206404031981815,0.1051472349019764,0.6351954556573146,1.6528661996402652,-0.22297140032551016,2.042509015283251,1.229772913212681,1.1067290067230409,-0.0690886545546219,3.1070661916361266,0.6906817290026562,0.526883888333102,0.1653343258850693,0.585828903945008,-1.1464379388901236,2.2677575608573717,0.5071425400328835
20.553950155913576,0.9266492383820597,0.9670125810163283,0.8755952801023246,2.2924622467585927,0.1862902300698327,0.30360957980156245,0.08661184992107929,1.5519222361700866,0.021839669772560022,1.9044980662209636,1.1515921098845348,0.9379314056464557,0.04584847603525585,2.7890536785125666,0.45303061178751824,0.04108652046747596,0.02934005430766734,1.0666906280177073,-1.0438040750367306,2.407674482890542,-0.0331340857914626
20.747935087711305,0.3992990211122489,0.6593126367936588,0.9326732425167764,1.7746458818828652,-0.14805994305849146,0.502071924701134,-0.4619717558151162,1.4509782726999152,0.2666507398706124,1.7664871171586862,1.0734113065563944,0.7691338045698829,0.1607856066251252,2.47104116538903,0.2153794945723977,-0.4447108473981145,-0.10665421726972463,1.5475523520903711,-0.9411702111833451,2.5475914049237014,-0.5734107116157692
20.94192001950905,-0.12805119615760052,0.35161269257096683,0.9897512049312325,1.2568295170071,-0.4824101161868404,0.7005342696007201,-1.0105553615513516,1.3500343092297367,0.5114618099686825,1.6284761680963986,0.9952305032282485,0.6003362034932977,0.27572273721500296,2.15302865226547,-0.022271622642740296,-0.9305082152637403,-0.24264848884712648,2.0284140761630702,-0.8385363473299521,2.6875083269568716,-1.113687337440115
21.135904951306777,-0.5990192008814594,0.05718960758153675,1.0073309447305445,0.7805274433987002,-0.7970182886813699,0.8176573711777538,-1.45528048724075,1.2380637058742932,0.7305438567180971,1.5058130036922066,0.8936141144919819,0.4880123059913163,0.37777536897358277,1.845681500014663,-0.22005892043211325,-1.3217377840975064,-0.3038489307676053,2.3920278467828986,-0.7348204434249841,2.740189909547972,-1.5327301229970687
21.32988988310452,-0.6623004379652807,-0.14123157218292637,0.7393081517741513,0.6044056297233333,-0.9688766104392138,0.3466351748839752,-1.149028911053135,1.0463620141176215,0.7635852731004023,1.4941261283541907,0.6225404158815167,0.7840367266441771,0.38666316302897374,1.6154531109974397,-0.12960013929678427,-1.0291694214702278,0.17576754944666512,1.9078487232050936,-0.6232805576085638,2.162092883865551,-1.0751589866206412
21.52387481490225,-0.7255816750490973,-0.33965275194737493,0.4712853588177778,0.4282838160479795,-1.1407349321970452,-0.12438702140976887,-0.8427773348655426,0.8546603223609637,0.7966266894827049,1.4824392530161756,0.3514667172710715,1.0800611472970163,0.39555095708436405,1.3852247219802334,-0.03914135816146194,-0.7366010588429704,0.6553840296609004,1.4236695996273239,-0.5117406717921519,1.5839958581831717,-0.6175878502442471
21.717859746699993,-0.7888629121329186,-0.5380739317118381,0.20326256586138458,0.25216200237261266,-1.3125932539548892,-0.5954092177035474,-0.5365257586779276,0.6629586306042919,0.82966810586501,1.4707523776781597,0.08039301866060633,1.3760855679498771,0.404438751139755,1.1549963329630104,0.051317422973867044,-0.44403269621569175,1.1350005098751708,0.9394904760495186,-0.4002007859757317,1.00589883250075,-0.16001671386781946
21.911844678497722,-0.8521441492167352,-0.7364951114762868,-0.06476022709498896,0.0760401886972587,-1.4844515757127206,-1.0664314139972917,-0.23027418249033516,0.4712569388476341,0.8627095222473128,1.4590655023401446,-0.19068067994983895,1.6721099886027164,0.41332654519514533,0.9247679439458041,0.1417762041091894,-0.15146433358843447,1.6146169900894058,0.4553113524717489,-0.2886609001593197,0.4278018068183709,0.29755442250857445
22.105829610295466,-0.8982897123290774,-0.9157021044578975,-0.27868407942589296,-0.0755085713179953,-1.646320686269559,-1.4903792636071587,0.029141488303609228,0.2814741103680086,0.8660657023233442,1.4145765722571992,-0.4190750249241609,1.9274058013546205,0.4154977955214381,0.7245602275975793,0.18673867020403073,0.10365459333987603,2.022630270674185,0.030422585347672976,-0.18827010329004143,-0.09754500041866075,0.7397322409228209
22.299814542093195,-0.7578468255297851,-0.8856879524706919,0.09646942172067163,0.04051591963239108,-1.6994183859710112,-1.401739782658935,-0.2214338107445731,0.11258557090512022,0.5461826426200032,1.012909712729527,-0.18273863030497978,1.7392123280739349,0.3445333474642289,0.8512442803117438,-0.26370318303080476,-0.04900922400942134,1.6509642664046025,0.2511399218307987,-0.2092804971785177,-0.04850054013928276,1.0142939304155336
22.493799473890938,-0.6174039387304826,-0.855673800483484,0.4716229228672637,0.156540410582786,-1.7525160856724673,-1.3131003017107048,-0.4720091097927739,-0.05630296855778055,0.22629958291663876,0.6112428532018254,0.05359776431421859,1.5510188547932353,0.27356889940701445,0.9779283330259176,-0.7141450362656732,-0.2016730413587299,1.2792982621349926,0.47185725831394065,-0.23029089106699552,0.0005439201400988247,1.2888556199082666
22.687784405688667,-0.4769610519311903,-0.8256596484962784,0.8467764240138282,0.27256490153317237,-1.8056137853739196,-1.224460820762481,-0.7225844088409562,-0.2251915080206689,-0.0935834767867022,0.20957599367415325,0.28993415893339963,1.3628253815125495,0.20260445134980523,1.104612385740082,-1.1645868895005087,-0.3543368587080272,0.9076322578654097,0.6925745947970664,-0.25130128495547177,0.049588380419476816,1.5634173094009793
22.88176933748641,-0.3365181651318877,-0.7956454965090705,1.2219299251604203,0.3885893924835673,-1.8587114850753759,-1.1358213398142507,-0.9731597078891568,-0.39408004748356973,-0.4134665364900667,-0.1920908658535485,0.526270553552598,1.1746319082318502,0.1316400032925908,1.231296438454256,-1.615028742735377,-0.5070006760573358,0.5359662535957999,0.9132919312802084,-0.27231167884394963,0.0986328406988584,1.8379789988937123
23.07575426928414,-0.21672523840016972,-0.7478373205507068,1.5684737591332163,0.48872625285929505,-1.9161873483038523,-1.0400890638578424,-1.1727761448203973,-0.5420649748344002,-0.7026080455983595,-0.5459103655063324,0.7495497780297384,1.0031952490833074,0.07211592616530174,1.365539076155759,-2.0134144216389034,-0.6357622215168472,0.1736981200265134,1.1299952582658295,-0.2945679640725712,0.15427876668869378,2.098288625644621
23.269739201081883,-0.5181914970472279,-0.33703105558048363,1.3313803827607773,0.26475544951178676,-2.0629777474836875,-0.7996637697343689,-0.3328317945653695,-0.26361621509898636,-0.3646219225672913,0.07635627628921271,0.7064627316090966,1.173597598230685,0.24597541600852918,1.6539768475990808,-1.3498541441830683,-0.27691742042442213,0.0031465487433708084,1.2648127915023217,-0.342240432640175,0.3445945931719506,2.0678561724625624
23.463724132879612,-0.8196577556942639,0.0737752093897095,1.0942870063883556,0.04078464616429489,-2.209768146663512,-0.559238475610913,0.5071125556895968,0.014832544636407041,-0.02663579953624784,0.6986229180847123,0.6633756851884577,1.34399994737805,0.4198349058517439,1.9424146190423812,-0.6862938667272822,0.08192738066797667,-0.16740502253975928,1.3996303247388038,-0.3899129012077754,0.5349104196551935,2.037423719280506
23.657709064677356,-1.121124014341322,0.4845814743599326,0.8571936300159169,-0.18318615718321335,-2.356558545843347,-0.3188131814874394,1.3470569059446245,0.2932813043718209,0.3113503234948205,1.3208895598802575,0.6202886387678158,1.5144022965254278,0.5936943956949713,2.230852390485703,-0.022733589271447308,0.4407721817604018,-0.3379565938229019,1.5344478579752958,-0.4375853697753792,0.7252262461384503,2.0069912660984475
23.851693996475085,-1.422590272988358,0.8953877393301257,0.6201002536434953,-0.4071569605307052,-2.5033489450231716,-0.0783878873639835,2.1870012561995904,0.5717300641072143,0.649336446525864,1.943156201675757,0.5772015923471769,1.6848046456727928,0.767553885538186,2.5192901619290033,0.6408266881843385,0.7996169828528004,-0.508508165106032,1.669265391211778,-0.48525783834297953,0.9155420726216932,1.976558812916391
24.045678928272828,-1.7236135682723495,1.302942730279048,0.38271508566302825,-0.6281985037844353,-2.646174150406764,0.15777952877842844,3.0157889335628814,0.8464730257006003,0.976945168675658,2.557553723703291,0.5386725982619972,1.8484822612304241,0.9382241898542891,2.803863894298038,1.297479971552161,1.155059144979063,-0.6796158094353026,1.8002228055681524,-0.53463448553669,1.104473791007429,1.9423779784140247
24.239663860070557,-1.9776827470712068,1.3658626749696863,0.11440000723157073,-0.5387384770973755,-2.36868881338825,-0.05738812107211702,2.661969284400885,0.728401384238636,0.2045493974093292,2.337824550320807,0.9832971517362727,1.2993381162742768,0.7708408282948855,2.6788494847922304,1.2219918815899458,1.1498215766917357,-0.9096671966542013,1.522007618631648,-0.7646540670978674,1.1466900510557931,1.5108687239586953
24.4336487918683,-2.231751925870083,1.4287826196603293,-0.15391507119990644,-0.44927845041030934,-2.0912034763697154,-0.27255577092267824,2.3081496352388626,0.610329742776663,-0.567846373857056,2.118095376938307,1.4279217052105808,0.750193971318089,0.6034574667354698,2.553835075286414,1.1465037916277252,1.144584008404408,-1.1397185838731168,1.2437924316951232,-0.9946736486590617,1.1889063111041602,1.0793594695033342
24.627633723666044,-2.485821104668959,1.4917025643509723,-0.4222301496313837,-0.35981842372324313,-1.8137181393511808,-0.4877234207732394,1.9543299860768406,0.49225810131469006,-1.3402421451234412,1.898366203555807,1.8725462586848889,0.20104982636190138,0.43607410517605405,2.428820665780597,1.0710157016655044,1.1393464401170803,-1.3697699710920321,0.9655772447585983,-1.224693230220256,1.231122571152527,0.6478502150479732
24.821618655463773,-2.7398902834678163,1.5546225090416106,-0.6905452280628412,-0.2703583970361834,-1.5362328023326666,-0.7028910706237849,1.6005103369148441,0.3741864598527257,-2.1126379163897697,1.678637030173323,2.3171708121591643,-0.3480943185942462,0.2686907436166506,2.303806256274789,0.9955276117032894,1.1341088718297532,-1.5998213583109306,0.6873620578220938,-1.4547128117814334,1.2733388312008913,0.21634096059264385
25.015603587261516,-2.993959462266692,1.6175424537322536,-0.9588603064943184,-0.1808983703491172,-1.258747465314132,-0.918058720474346,1.2466906877528219,0.2561148183907528,-2.885033687656155,1.4589078567908231,2.7617953656334726,-0.8972384635504338,0.10130738205723477,2.1787918467689726,0.9200395217410687,1.1288713035424254,-1.829872745529846,0.409146870885569,-1.6847323933426277,1.3155550912492584,-0.2151682938627173
25.209588519059245,-2.7310767563021954,0.9149368901863266,-0.7179163945406875,0.23761305539196076,-1.385312019341065,-0.7404873470096753,1.1668281221212846,0.46081720057577436,-2.266986286485359,1.4529924669159586,2.6864377235879715,-1.1632361236220135,0.1367798923672014,2.2318703584193296,0.418836754969637,0.8857311813198823,-1.3895510424046051,0.7571614584807735,-1.5086937952572452,1.152271052017285,-0.3932758747480773
25.40357345085699,-2.4532819767387495,0.19024886005662056,-0.46228231940286657,0.6656163484134654,-1.523531858686616,-0.5515869632570627,1.0948681646684975,0.6748303719044658,-1.6088299476480976,1.453244782334577,2.596080595133254,-1.4210660966296416,0.17810401436570483,2.2900861658722675,-0.09464624286362489,0.6357284854261193,-0.9298916539809606,1.1232403664951716,-1.3209419804512863,0.9830591195368334,-0.5640737919727847
25.597558382654718,-2.1754871971753236,-0.5344391700730322,-0.20664824426506434,1.0936196414349386,-1.6617516980321567,-0.3626865795044637,1.0229082072157158,0.8888435432331416,-0.9506736088108845,1.4534970977531956,2.5057234666785435,-1.6788960696372508,0.21942813636420522,2.348301973325201,-0.6081292406968489,0.3857257895323746,-0.47023226555734965,1.489319274509543,-1.1331901656453414,0.8138471870563945,-0.7348717091974797
25.79154331445246,-1.897692417611878,-1.2591272002027385,0.04898583087275665,1.5216229344564431,-1.7999715373777079,-0.17378619575185095,0.9509482497629287,1.102856714561833,-0.29251726997362315,1.4537494131718143,2.415366338223826,-1.9367260426448791,0.26075225836270866,2.406517780778139,-1.1216122385301106,0.13572309363861157,-0.010572877133705028,1.855398182523941,-0.9454383508393824,0.6446352545759431,-0.9056696264221871
25.98552824625019,-1.6198976380484522,-1.983815230332391,0.30461990601055877,1.9496262274779164,-1.9381913767232484,0.01511418800074793,0.878988292310147,1.3168698858905088,0.3656390688635902,1.4540017285904328,2.325009209769115,-2.1945560156524886,0.30207638036120904,2.4647335882310726,-1.6350952363633349,-0.11427960225513312,0.4490865112899056,2.221477090538312,-0.7576865360334374,0.4754233220955041,-1.0764675436468818
26.179513178047934,-1.1691005981919456,-1.6939365873752557,0.3240128902092935,2.0459461714208462,-1.4010333526112326,-0.008116076829980105,0.6529986642729575,0.8216726684835667,0.3516816118099689,0.9819855873571435,1.910411685318138,-1.6607459148803265,0.3200351553856775,2.0207570256572005,-1.8946526165574755,-0.16141354371422095,0.20544689838430408,2.1192042858569646,-0.7943716651875813,0.20137639600845542,-0.7868343456777853
26.373498109845663,-0.7061934001149537,-1.3330382773020375,0.3268689980422852,2.1190482809282614,-0.8165988780572098,-0.04619548706154551,0.4162269592948726,0.2768307238651493,0.29067618904397036,0.47691065415824374,1.4731173331474452,-1.0715210089435991,0.3363583561219616,1.5416269971814716,-2.1364352035168523,-0.19434667236287329,-0.08742364461434415,1.9841468612869106,-0.8467673804189352,-0.08000897963103742,-0.4649709696451324
26.567483041643406,-0.24328620203792783,-0.9721399672287927,0.32972510587527715,2.1921503904356814,-0.23216440350314427,-0.0842748972931137,0.17945525431677034,-0.2680112207533081,0.22967076627796737,-0.028164279040692852,1.0358229809767203,-0.48229610300682846,0.35268155685824687,1.0624969687057075,-2.3782177904762474,-0.22727980101152806,-0.3802941876130138,1.8490894367168467,-0.8991630956502928,-0.361394355270551,-0.14310759361245595
26.761467973441135,0.21962099603906426,-0.6112416571555743,0.3325812137082688,2.265252499943096,0.3522700710508784,-0.1223543075246791,-0.05731645066131463,-0.8128531653717257,0.16866534351196885,-0.5332392122395926,0.5985286288060274,0.10692880292989893,0.369004757594531,0.5833669402299788,-2.620000377435624,-0.2602129296601804,-0.6731647306116619,1.7140320121467927,-0.9515588108816466,-0.6427797309100438,0.17875578242019707
26.95545290523888,0.6825281941160903,-0.25034334708232975,0.3354373215412607,2.338354609450516,0.9367045456049441,-0.1604337177562473,-0.2940881556394168,-1.3576951099901828,0.10765992074596586,-1.0383141454385294,0.16123427663530254,0.6961537088666692,0.3853279583308163,0.10423691175421501,-2.861782964395019,-0.29314605830883517,-0.9660352736103317,1.5789745875767287,-1.0039545261130043,-0.9241651065495573,0.5006191584528734
27.149437837036608,0.6373735567855512,-0.23776520180458927,0.22265752740826722,1.9281480009555425,0.9563868483718593,0.09749380876490599,-0.36791980520913653,-1.0552924875868186,-0.05098637114649911,-1.1401283504348065,0.18019149528473932,1.0190627724208627,0.4654221928407139,-0.20823033700017202,-2.313758620968134,-0.07141512062864422,-0.6826528846001244,1.3890930734892803,-1.0291677525401757,-0.7879646598518736,0.7828179705120768
27.34342276883435,0.5340035008145612,-0.2650987420763308,0.09662778617499596,1.462562268522764,0.911357964788168,0.3893387967889947,-0.4230812400966526,-0.6558097585455172,-0.22082067929305027,-1.1957355969912062,0.2514275397573187,1.3114564790354137,0.5528235249705108,-0.5016008089115109,-1.6752355667677805,0.17949607465174366,-0.33324151379721345,1.1929296324779495,-1.0512663187918696,-0.6039158376780438,1.0604718846160095
27.53740770063208,0.4306334448435788,-0.2924322823480703,-0.02940195505826604,0.9969765360900193,0.8663290812044799,0.681183784813062,-0.47824267498416473,-0.256327029504245,-0.390654987439589,-1.2513428435476022,0.3226635842298928,1.6038501856499432,0.6402248571003013,-0.7949712808228284,-1.0367125125674739,0.43040726993211315,0.016169857005671973,0.9967661914666333,-1.0733648850435618,-0.41986701550422767,1.3381257987199218
27.731392632429824,0.3272633888725888,-0.3197658226198118,-0.1554316962915373,0.5313908036572408,0.8213001976207888,0.9730287728371507,-0.5334041098716809,0.1431556995370562,-0.5604892955861401,-1.3069500901040019,0.3938996287024721,1.8962438922644942,0.7276261892300981,-1.0883417527341674,-0.39818945836712016,0.6813184652125011,0.36558122780858293,0.8006027504553025,-1.0954634512952557,-0.23581819333039788,1.6157797128238545
27.925377564227553,0.2238933329016064,-0.3470993628915513,-0.28146143752479935,0.06580507122449619,0.7762713140371007,1.264873760861218,-0.5885655447591929,0.5426384285783283,-0.7303236037326788,-1.3625573366603976,0.4651356731750462,2.1886375988790236,0.8150275213598888,-1.381712224645485,0.24033359583318648,0.9322296604928704,0.7149925986114684,0.6044393094439862,-1.1175620175469478,-0.051769371156581645,1.8934336269277667
28.119362496025296,0.2624773574450448,-0.09136007712370253,-0.45775207711283505,-0.31751687765999054,0.6261589641584411,1.475048299623105,-0.5511887542392045,0.36849795909449845,-1.0886277411554603,-0.8783281287368563,0.37523879937426563,2.270259685994076,0.9564738769035771,-1.0625686097012452,0.0036614586448840414,0.5712628200899086,0.6232667081818335,0.34859979053155155,-1.3012314406750511,0.14114237638925878,0.9011328149593942
28.313347427823025,0.32420606902888266,0.21053238680276903,-0.642237428389137,-0.687426253139833,0.4589134404273473,1.671907004266136,-0.4987242095766868,0.1008319681119933,-1.4776606550906528,-0.3060821075829008,0.2590702541158715,2.3175168351472375,1.1067319210473485,-0.6435585675522878,-0.3757055467046335,0.11053325647770407,0.4596162642903573,0.08303047630917043,-1.511243938293867,0.3354991661153046,-0.29822583278162096
28.50733235962077,0.38593478061272507,0.5124248507292628,-0.8267227796654524,-1.0573356286197022,0.29166791669624126,1.8687657089091811,-0.44625966491416524,-0.1668340228705314,-1.866693569025874,0.2661639135710965,0.14290170885746883,2.3647739843004025,1.2569899651911312,-0.2245485254032995,-0.7550725520541788,-0.3501963071345344,0.2959658203988691,-0.1825388379132301,-1.7212564359126983,0.5298559558413647,-1.4975844805227236
28.701317291418512,0.4476634921965674,0.8143173146557565,-1.011208130941768,-1.4272450040995717,0.12442239296513513,2.0656244135522264,-0.39379512025164365,-0.43450001385305614,-2.255726482961095,0.8384099347250935,0.02673316359906619,2.4120311334535676,1.4072480093349136,0.1944615167456889,-1.1344395574037243,-0.8109258707467726,0.132315376507381,-0.4481081521356305,-1.9312689335315296,0.7242127455674248,-2.6969431282638268
28.89530222321624,0.5093922037804053,1.116209778582228,-1.1956934822180698,-1.797154379579414,-0.04282313076595867,2.262483118195257,-0.34133057558912594,-0.7021660048355611,-2.644759396896287,1.4106559558790492,-0.08943538165932796,2.4592882826067295,1.557506053478685,0.6134715588946462,-1.5138065627532418,-1.2716554343589774,-0.031335067384095194,-0.7136774663580117,-2.1412814311503454,0.9185695352934706,-3.8963017760048415
29.089287155013984,0.4492852395894554,0.9812489577702055,-1.0568542188527579,-1.5910094952096658,0.14278431039076145,1.8523154015443624,-0.3590779328832829,-0.6619298908175226,-2.1678272947972963,1.4324032287208377,-0.17895821542764406,2.2282686574118404,1.0150116098170199,0.48102030340505453,-1.482783302968859,-1.2919748899888,-0.06039972078739378,-0.7504982060315655,-1.6831071960682618,0.7488272165765504,-3.1951275844962943
29.283272086811714,0.3628728454016808,0.7519675413896536,-0.8482062318716532,-1.2604892592814982,0.4045759144209726,1.31108516211413,-0.39198467809990256,-0.5552149132198229,-1.5039254733273255,1.335292817267948,-0.2627279978515035,1.9371665468463681,0.3229456062883158,0.2295035404707842,-1.3631530541214751,-1.2172057995769672,-0.06040607851710519,-0.7379300489275267,-1.0806653709712475,0.5004725903549115,-2.0836110754225503
29.477257018609457,0.2764604512138999,0.522686125009085,-0.6395582448905331,-0.9299690233533063,0.666367518451203,0.7698549226838578,-0.4248914233165247,-0.4484999356221152,-0.8400236518573061,1.2381824058150512,-0.3464977802753691,1.646064436280875,-0.3691203972404389,-0.022013222463504567,-1.2435228052740825,-1.1424367091651288,-0.0604124362468166,-0.725361891823487,-0.47822354587418925,0.2521179641332545,-0.972094566348725
29.671241950407186,0.19004805702612532,0.2934047086285331,-0.4309102579094285,-0.5994487874251386,0.9281591224814142,0.22862468325362517,-0.45779816853314437,-0.3417849580244154,-0.1761218303873351,1.1410719943621617,-0.43026756269922856,1.3549623257154029,-1.061186400769143,-0.27352998539777496,-1.1238925564266988,-1.0676676187532959,-0.06041879397652801,-0.7127937347194482,0.1242182792228248,0.0037633379116156496,0.1394219427250194
29.86522688220493,0.10363566283834441,0.06412329224796443,-0.22226227092830841,-0.26892855149694683,1.1899507265116445,-0.312605556176647,-0.49070491374976644,-0.23506998042670768,0.4877799910826841,1.0439615829092648,-0.5140373451230942,1.0638602151499095,-1.7532524042978976,-0.5250467483320638,-1.0042623075793062,-0.9928985283414576,-0.060425151706239424,-0.7002255776154085,0.7266601043198833,-0.2445912883100414,1.2509384517988442
30.05921181400266,-0.15272173372568604,0.021572142258866892,-0.3040841672714632,-0.24142599067130563,1.4504407938424606,-0.6561449061740487,-0.6343942667756737,-0.401231099839331,0.658785744920953,0.9737580240546891,-0.6524587978016225,0.9317051884415877,-1.7255825129422306,-0.41470535080154514,-1.0812742346292947,-1.0774768977970253,-0.12005420067867562,-0.724504646542784,0.9235871503879486,-0.2839698361886014,1.104583175151386
30.253196745800402,-0.45561169046418476,0.030149517591234173,-0.46543948404864477,-0.2968925551713518,1.710574488029414,-0.9455546078743926,-0.8084169528922289,-0.6421082934333621,0.6948318611934152,0.9109218176972655,-0.8058443982879866,0.8430713870750935,-1.5008420789396566,-0.2052837426675676,-1.2121286622226153,-1.205686119359148,-0.19600851034852843,-0.7588728368835244,1.009480387912391,-0.26612874356846605,0.6138106238421699
30.44718167759813,-0.7585016472026614,0.03872689292360082,-0.6267948008258144,-0.35235911967139394,1.9707081822163484,-1.2349643095747154,-0.9824396390087713,-0.8829854870273754,0.7308779774658747,0.8480856113398465,-0.9592299987743395,0.7544375857086061,-1.276101644937099,0.004137865466394608,-1.342983089815926,-1.333895340921261,-0.27196282001837563,-0.7932410272242622,1.095373625436827,-0.248287650948332,0.12303807253298982
30.641166609395874,-1.0613916039411602,0.0473042682559681,-0.788150117602996,-0.40782568417144016,2.230841876403302,-1.5243740112750592,-1.1564623251253265,-1.1238626806214065,0.7669240937383369,0.7852494049824228,-1.1126155992607036,0.665803784342112,-1.051361210934525,0.2135594736003722,-1.4738375174092466,-1.462104562483384,-0.3479171296882284,-0.8276092175650025,1.1812668629612695,-0.2304465583281966,-0.3677344787762262
30.835151541193603,-1.3642815606796366,0.05588164358833475,-0.9495054343801658,-0.4632922486714823,2.490975570590236,-1.813783712975382,-1.3304850112418687,-1.36473987421542,0.8029702100107965,0.7224131986250037,-1.2660011997470564,0.5771699829756245,-0.8266207769319673,0.42298108173433446,-1.6046919450025574,-1.590313784045497,-0.42387143935807564,-0.8619774079057404,1.2671601004857054,-0.21260546570806255,-0.8585070300854061
31.029136472991347,-1.3434000833578579,-0.01508281334322395,-0.5398254761669281,-0.37899539377782154,2.0957885345855276,-1.9917663110209316,-1.2437315287970423,-1.2927430978732548,0.46894459136120376,0.37736360073531633,-1.0007640455118552,0.6107181837032373,-0.7452258908903442,0.29008176286941384,-1.4471555601024433,-1.2788739615778282,-0.560307223467306,-0.5932416611788198,0.8435008158710277,-0.12364087304953886,-0.8069466897640672
31.223121404789076,-1.213245747040733,-0.11289263866385342,0.06257888735555284,-0.2475283848387893,1.4794307521411534,-2.1321422615829735,-1.0689660894627526,-1.115151356677625,0.010019762175437541,-0.0629330167964881,-0.59424171155814,0.6855028101376102,-0.7122101272855497,0.04164913114237068,-1.1922872759858032,-0.8190525867501222,-0.7171555051998169,-0.22220833569157994,0.24786755503442182,-0.010672099128064771,-0.5723489985174133
31.41710633658682,-1.0830914107235987,-0.2107024639844901,0.664983250878078,-0.11606137589974741,0.8630729696967343,-2.272518212145026,-0.8942006501284501,-0.9375596154819823,-0.44890506701036226,-0.5032296343283249,-0.18771937760439505,0.7602874365719886,-0.6791943636807526,-0.2067835005846907,-0.9374189918691445,-0.3592312119223826,-0.8740037869323394,0.14882498979568726,-0.3477657058022279,0.10229667479341759,-0.3377513072707421
31.61109126838455,-0.9529370744064738,-0.3085122893051196,1.2673876144005591,0.015405633039284827,0.2467151872523603,-2.412894162707068,-0.7194352107941604,-0.7599678742863526,-0.9078298961961284,-0.9435262518601295,0.21880295634932012,0.8350720630063616,-0.6461786000759581,-0.4552161323117339,-0.6825507077525043,0.10059016290532341,-1.0308520686648504,0.5198583152829273,-0.9433989666388336,0.21526544871489167,-0.10315361602408812
31.80507620018229,-0.8227827380893394,-0.40632211462575624,1.869791977923084,0.14687264197832678,-0.36964259519205855,-2.5532701132691202,-0.5446697714598578,-0.5823761330907098,-1.366754725381928,-1.3838228693919663,0.625325290303065,0.90985668944074,-0.6131628364711611,-0.7036487640387952,-0.4276824236358454,0.5604115377330632,-1.1877003503973729,0.8908916407701946,-1.539032227475483,0.32823422263637403,0.13144407522258295
31.99906113198002,-0.8663222807457771,-0.7928893923316973,1.905655491551138,0.2773836921617101,-0.6895776501613055,-2.0952621908488864,-0.5458637086712562,-0.3575924929086338,-1.7138033472761725,-1.1711731956708553,0.8690680073010846,0.8457958274736953,-0.7314458054823813,-0.9173649621363634,-0.379012170992445,0.5183233058076696,-0.7320346381093876,1.368575313869772,-1.8926477989593031,0.6661079648142492,0.22522297507093098
32.193046063777764,-0.9807106424572303,-1.2972393150895811,1.710429974301183,0.4075048118000357,-0.8886034347130782,-1.3931766360279314,-0.6188305494736657,-0.11355952550838366,-2.0152182530383693,-0.6921901663070678,1.046413775277714,0.7251006215534308,-0.9114427312185691,-1.1169205096745547,-0.41444901013418584,0.27150878691717356,-0.026527691418248622,1.889761102442842,-2.1475456287334507,1.0957192598335845,0.26156263105944505
32.38703099557549,-1.095099004168675,-1.8015892378474283,1.5152044570512424,0.5376259314383519,-1.0876292192648367,-0.6910910812070277,-0.6917973902760697,0.13047344189184862,-2.316633158800544,-0.21320713694331506,1.2237595432543305,0.6044054156331751,-1.091439656954744,-1.3164760572127316,-0.4498858492759241,0.02469426802669561,0.6789792552728386,2.4109468910158736,-2.4024434585075793,1.5253305548528884,0.2979022870479565
32.58101592737324,-1.2094873658801282,-2.305939160605312,1.3199789398012873,0.6677470510766776,-1.2866550038166094,0.010994473613927358,-0.7647642310784792,0.37450640929209866,-2.618048064562741,0.2657758924204725,1.40110531123096,0.4837102097129106,-1.271436582690932,-1.5160316047509228,-0.4853226884176649,-0.22212025086380038,1.3844862019639779,2.9321326795889435,-2.657341288281727,1.9549418498722237,0.3342419430364706
32.775000859170966,-1.323875727591573,-2.810289083363159,1.1247534225513467,0.7978681707149937,-1.4856807883683678,0.7130800284348311,-0.8377310718808832,0.6185393766923308,-2.9194629703249158,0.744758921784225,1.5784510792075763,0.36301500379265494,-1.4514335084271068,-1.7155871522890995,-0.5207595275594031,-0.4689347697542783,2.089993148655065,3.4533184681619753,-2.9122391180558562,2.3845531448915276,0.370581599024982
32.96898579096871,-0.9632423288968186,-2.340515319403119,1.0581705112404172,0.9737753466683983,-1.2772234565473022,0.8915236360066895,-0.726083785129612,1.0354390291424551,-2.378690122009877,0.4903055648414498,1.6289584214258288,0.13877030327943848,-1.4124187027589765,-1.6201292632462136,-0.3518870102452405,-0.4165765152127906,2.1283744208666775,3.1368207108775406,-2.485628995913082,2.2869607619319217,0.5076631067635176
33.16297072276645,-0.37169557444902723,-1.3972092077329379,1.0541222000387411,1.1719396333305236,-0.8706840542672015,0.8154190747768822,-0.5246935197064051,1.536371097936275,-1.4285204487961476,-0.12067936877815699,1.6178081955670873,-0.13581095710535612,-1.2669398609915163,-1.3812620647541807,-0.08369744465389423,-0.21878705136407617,1.8424584902062708,2.413115674356784,-1.7277302860328876,1.9330888132880863,0.693716347991651
33.35695565456418,0.21985117999872084,-0.45390309606282564,1.0500738888370653,1.3701039199926344,-0.4641446519871306,0.7393145135470807,-0.3233032542832128,2.0373031667300583,-0.47835077558248784,-0.7316643023977191,1.606657969708347,-0.41039221749013055,-1.1214610192240666,-1.142394866262165,0.1844921209374324,-0.02099758751537617,1.556542559545885,1.6894106378360807,-0.9698315761527487,1.5792168646442768,0.8797695892197708
33.550940586361925,0.8113979344465121,0.48940301560735566,1.0460255776353893,1.5682682066547597,-0.05760524970702985,0.6632099523172734,-0.1219129888600059,2.538235235523878,0.47181889763124163,-1.3426492360173259,1.5955077438496057,-0.6849734778749252,-0.9759821774566064,-0.9035276677701323,0.4526816865287787,0.17679187633333826,1.2706266288854784,0.9657056013153245,-0.21193286627255414,1.2253449160004415,1.0658228304479043
33.744925518159654,1.40294468889426,1.4327091272774672,1.0419772664337137,1.7664324933168705,0.34893415257304095,0.5871053910874718,0.07947727656318626,3.0391673043176617,1.4219885708449018,-1.9536341696368877,1.584357517990865,-0.9595547382596996,-0.8305033356891568,-0.6646604692781168,0.7208712521201053,0.37458134018203815,0.9847106982250926,0.24200056479462084,0.5459658436075845,0.8714729673566322,1.251876071676024
33.9389104499574,1.7979100159678412,1.6556657882258425,1.1514660243864046,1.6385417176973736,0.35915092407881066,0.5169041836858891,0.2529295197444335,2.9059051560559364,1.7413470101488788,-1.9988869081401286,1.6232464136573097,-1.1033064799317571,-0.7061446320148266,-0.4047887987683515,0.6569085306935646,-0.00862107897290515,0.5904804878420824,-0.0846462643433972,0.5780594885238406,0.4002661273740505,1.0931516001087338
34.13289538175513,2.080130112635595,1.4654808524366927,1.3260716308246805,1.3236487740046021,0.142065010287536,0.45008872333285194,0.4103584854633674,2.4089139715417756,1.6989166535340035,-1.71967559356192,1.6908342172573143,-1.1720236446950283,-0.5938989487174476,-0.13287044577784685,0.4024467034773578,-0.7250394310269777,0.13412885232407856,-0.18356853336482118,0.19388258147548165,-0.1382357238174836,0.7366869697323146
34.32688031355287,2.3623502093033695,1.2752959166475293,1.5006772372629693,1.0087558303118076,-0.07502090350375462,0.3832732629798099,0.5677874511823129,1.9119227870275781,1.656486296919125,-1.4404642789836908,1.7584220208573238,-1.2407408094583046,-0.4816532654200606,0.13904790721267768,0.14798487626113233,-1.4414577830811026,-0.3222227831939589,-0.28249080238625235,-0.1902943255729055,-0.6767375750090573,0.38022233935586924
34.5208652453506,2.644570305971124,1.0851109808583794,1.6752828437012453,0.6938628866190362,-0.29210681729502935,0.3164578026267727,0.7252164169012467,1.4149316025134173,1.6140559403042496,-1.1612529644054823,1.8260098244573282,-1.3094579742215757,-0.36940758212268177,0.4109662602031824,-0.10647695095507448,-2.157876135135175,-0.7785744187119626,-0.38141307140767633,-0.5744712326212644,-1.2152394262005912,0.023757708979450065
34.71485017714834,2.9267904026388982,0.8949260450692158,1.849888450139534,0.37896994292624164,-0.5091927310863198,0.24964234227373067,0.8826453826201922,0.9179404179992199,1.571625583689371,-0.8820416498272532,1.8935976280573377,-1.378175138984852,-0.2571618988252947,0.682884613193707,-0.36093877817130005,-2.8742944871893004,-1.2349260542299998,-0.4803353404291076,-0.9586481396696516,-1.753741277392165,-0.3327069213969951
34.90883510894607,2.670301434723919,0.9473446165254698,1.769990661369847,0.3922648745034314,-0.43259112169216174,-0.22002797027797644,0.9915278810517023,0.5393478397093364,1.387591382125755,-0.7230996399951998,1.7870364262133227,-1.3106396899373718,-0.09275817475756798,0.7411999022363509,-0.5809818729620035,-3.0426916854943324,-1.6571867594250063,-0.6249026916022647,-0.9952631573951308,-1.9909209842363402,-0.5198645153824164
35.102820040743815,2.0518673140424113,1.1627624194122268,1.519098403944811,0.6260610347776183,-0.15866820765779327,-0.9603663866506884,1.0677932217744839,0.24030432497635817,1.1084170972371945,-0.6449635692894545,1.5634688613366041,-1.1515595159857916,0.1066892329527468,0.6560006326890364,-0.777899881904339,-2.842887171124256,-2.0565426208092807,-0.800137832346127,-0.7983600307318127,-2.0256498753471597,-0.5932689442926545
35.296804972541544,1.4334331933609494,1.3781802222989679,1.2682061465197934,0.859857195051788,0.1152547063765551,-1.700704803023346,1.1440585624972601,-0.0587391897565982,0.8292428123486545,-0.5668274985837151,1.3399012964599017,-0.9924793420342234,0.3061366406630469,0.570801363141728,-0.9748178908466603,-2.643082656754194,-2.4558984821935255,-0.9753729730899765,-0.6014569040685089,-2.0603787664579762,-0.6666733732028873
35.49078990433929,0.8149990726794418,1.5935980251857247,1.0173138890947575,1.093653355325975,0.3891776204109235,-2.441043219396058,1.2203239032200417,-0.3577827044895765,0.5500685274600938,-0.4886914278779698,1.1163337315831832,-0.8333991680826434,0.5055840483733617,0.4856020935944135,-1.1717358997889957,-2.4432781423841172,-2.8552543435778,-1.1506081138338389,-0.40455377740519083,-2.095107657568796,-0.7400778021131255
35.68477483613702,0.19656495199797996,1.809015828072466,0.7664216316697399,1.3274495156001447,0.6631005344452718,-3.181381635768716,1.2965892439428177,-0.6568262192225327,0.2708942425715539,-0.41055535717223035,0.8927661667064808,-0.674318994131075,0.7050314560836619,0.4004028240471051,-1.368653908731317,-2.2434736280140553,-3.254610204962045,-1.3258432545776884,-0.20765065074188704,-2.1298365486796125,-0.8134822310233583
35.87875976793476,-0.10370275028506121,1.8889269585512123,0.5106529424274552,1.5440820793937453,0.7267434735245072,-3.2129044877797175,1.1289797643120063,-0.6844541158437277,0.27656419207523514,-0.7214150670397511,0.8933673934503044,-0.4386974857335615,0.7082659952715723,0.029275349374159376,-1.6623193195887993,-1.7045071841613217,-3.1058703322578642,-1.3041104410044106,0.06834842452644817,-2.258328035722638,-0.871321673295936
36.07274469973249,-0.15474009148928417,1.862691195643679,0.25106438159501115,1.747269825944204,0.6256670988888853,-2.6891884810407167,0.7703350087375612,-0.4994731116106927,0.5053621251861699,-1.3369881383563043,1.0695675069635509,-0.1431185986867513,0.557800454116934,-0.5658292193138346,-2.031770195279791,-0.8998638955472162,-2.5277888011844087,-1.1280860632160432,0.40630599286869246,-2.4602668895792146,-0.9169685427023425
36.26672963153023,-0.20577743269351084,1.8364554327361438,-0.008524179237451968,1.9504575724946775,0.5245907242532559,-2.1654724743016773,0.41169025316308994,-0.3144921073776441,0.7341600582971213,-1.9525612096729026,1.2457676204768102,0.15246028836008052,0.40733491296228463,-1.160933788001872,-2.4012210709708097,-0.09522060693305168,-1.9497072701109113,-0.9520616854276631,0.7442635612109614,-2.662205743435806,-0.9626154121087525
36.46071456332796,-0.2568147738977338,1.8102196698286104,-0.26811274006989594,2.1536453190451366,0.423514349617634,-1.6417564675626761,0.05304549758864496,-0.12951110314460912,0.962957991408056,-2.5681342809894554,1.4219677339900567,0.44803917540689064,0.25686937180764635,-1.7560383566898659,-2.770671946661801,0.7094226816810538,-1.371625739037456,-0.7760373076392957,1.0822211295532056,-2.8641445972923822,-1.008262281515159
36.654699495125705,-0.3078521151019605,1.7839839069210752,-0.527701300902359,2.35683306559561,0.32243797498200466,-1.1180404608236367,-0.3055992579858262,0.05546990108843941,1.1917559245190075,-3.1837073523060537,1.598167847503316,0.7436180624537225,0.10640383065299708,-2.3511429253779035,-3.1401228223528195,1.5140659702952184,-0.7935442079639583,-0.6000129298509154,1.4201786978954747,-3.0660834511489736,-1.0539091509215688
36.848684426923434,-0.26550886654234956,1.4502842008293646,-0.6274683823833233,2.334795735099106,0.11224064927597532,-0.9521840036689411,-0.4843672959061407,0.22541548350414173,1.1327022824968713,-3.1820461409432728,1.7501903663982004,0.603146689278756,0.029974760076442612,-2.3710279100901284,-3.1759838469616866,1.8404843931074302,-0.3723918725917954,-0.4413614745263975,1.3796164509538056,-3.026931010283441,-0.7837366020524834
37.04266935872118,-0.13812258087637636,0.8365726893377187,-0.5816837594548933,2.1076427094348054,-0.19733468544063115,-1.1122353505999798,-0.4993190373914361,0.3816680924790696,0.8114980988356517,-2.618260850711742,1.8801940044799414,0.06555811483032592,0.020971760919217347,-1.867052202252928,-2.9080398286207254,1.7313765988500303,-0.09415719759043911,-0.2985317878743043,0.9943308008070982,-2.7682132831531012,-0.22594279725387678
37.23665429051892,-0.010736295210403146,0.22286117784607296,-0.5358991365264634,1.8804896837705047,-0.5069100201572376,-1.2722866975310185,-0.5142707788767317,0.5379207014539974,0.4902939151744321,-2.0544755604802116,2.0101976425616828,-0.47203045961810397,0.011968761761992089,-1.3630764944157279,-2.6400958102797647,1.6222688045926306,0.18407747741091718,-0.15570210122221112,0.609045150660391,-2.5094955560227605,0.33185100754472985
37.43063922231665,0.11664999045556074,-0.390850333645528,-0.4901145135980367,1.6533366581062205,-0.8164853548738213,-1.4323380444620455,-0.529222520362026,0.6941733104289138,0.16908973151323603,-1.490690270248722,2.140201280643414,-1.0096190340664946,0.002965762604767483,-0.8591007865785645,-2.372151791938823,1.5131610103352386,0.4623121524122531,-0.012872414570128332,0.22375950051371207,-2.2507778288924394,0.8896448123432956
37.62462415411439,0.244036276121534,-1.0045618451371738,-0.4443298906696067,1.42618363244192,-1.1260606895904277,-1.5923893913930842,-0.5441742618473215,0.8504259194038417,-0.15211445214798358,-0.9269049800171913,2.270204918725155,-1.5472076085149244,-0.006037236552457775,-0.35512507874136423,-2.104207773597862,1.404053216077839,0.7405468274136093,0.12995727208196484,-0.16152614963299516,-1.9920601017620991,1.447438617141902
37.81860908591212,0.3339777917830975,-1.3039238450699702,-0.3649336170398237,1.2113415396501046,-1.271566342334358,-1.4653207291477461,-0.4221480969816499,1.1233011328223026,-0.2449433223546545,-0.5279100091647569,2.2739516963321775,-1.700620325023035,0.1546573907340809,0.030673295328590824,-1.7478550090860567,1.3460618945353549,0.7668931038569871,0.19127980629345034,-0.3526474376224631,-1.6448192682690874,1.584173829413964
38.012594017709866,0.3843142622477063,-1.2708007847002123,-0.24998655901437,1.0095206258579998,-1.2435367545303024,-1.0345674418120174,-0.15524145424475777,1.5195271778637611,-0.0962213802536652,-0.3032124915016758,2.1441575638217216,-1.4476931917866362,0.4948398921438396,0.29147641252941364,-1.2979929938165817,1.342136072979787,0.5268189587486846,0.16639285234661766,-0.3384025733302825,-1.2039482261232055,1.2755586072830096
38.206578949507595,0.43465073271231147,-1.2376777243304566,-0.1350395009889247,0.80769971206591,-1.215507166726249,-0.6038141544763203,0.11166518849211482,1.9157532229051908,0.052500561847313165,-0.07851497383861117,2.0143634313112746,-1.194766058550256,0.8350223935535735,0.5522795297302173,-0.84813097854714,1.3382102514242198,0.2867448136403996,0.1415058983997868,-0.3241577090381029,-0.763077183977356,0.9669433851520779
38.40056388130534,0.48498720317692023,-1.2045546639606988,-0.020092442963471013,0.6058787982738053,-1.1874775789221934,-0.17306086714059155,0.37857183122900706,2.3119792679466493,0.2012225039483025,0.14618254382446993,1.8845692988008185,-0.9418389253138572,1.1752048949633322,0.8130826469310402,-0.39826896327766503,1.334284429868652,0.046670668532097115,0.11661894445295412,-0.30991284474592234,-0.32220614183147434,0.6583281630211235
38.59454881310307,0.5353236736415254,-1.1714316035909431,0.09485461506197435,0.4040578844817154,-1.15944799111814,0.25769242019510563,0.6454784739658797,2.708205312988079,0.3499444460492808,0.3708800614875347,1.7547751662903717,-0.688911792077477,1.5153873963730662,1.0738857641318438,0.051593051991776884,1.3303586083130847,-0.19340347657618784,0.09173199050612327,-0.2956679804537428,0.11866490031437515,0.3497129408901918
38.78853374490081,0.4789095708965578,-1.0691565104893261,0.14254988724424547,0.14349810472224522,-1.1518494618403448,0.5905005349077866,0.6367422651934908,2.713008258249849,0.6113567873697363,0.578268634476778,1.5807768597452434,-0.4422777362568684,1.6240913777271746,1.1612380320596773,0.4154972410821314,1.2154293463933428,-0.051515553236445466,-0.00549144741555678,-0.22387060865842678,0.4315973817196328,0.2603497362811415
38.98251867669854,0.2912812219148263,-0.8818820438214752,0.10758150599427002,-0.18926153112209065,-1.1693641086677449,0.8029177082712837,0.2891950514409526,2.2366869766990964,1.0112844110640966,0.7643816296377477,1.3524442559491776,-0.20337892142652003,1.4482696781795448,1.0353902977561271,0.6737449354939589,0.9640583556926483,0.559867412570664,-0.19162848022297754,-0.08133161305718034,0.5872720488811876,0.44048380320943176
39.17650360849628,0.10365287293308112,-0.6946075771536105,0.072613124744292,-0.522021166966451,-1.186878755495146,1.0153348816347965,-0.05835216231161111,1.760365695148309,1.4112120347584864,0.9504946247987309,1.1241116521530952,0.03551989340384587,1.2724479786319023,0.9095425634525676,0.9319926299058054,0.7126873649919354,1.171250378377818,-0.37776551303041195,0.06120738254407654,0.7429467160427538,0.6206178701377352
39.37048854029401,-0.08397547604865041,-0.5073331104857596,0.037644743494316554,-0.8547808028107866,-1.204393402322546,1.2277520549982934,-0.4058993760641494,1.2840444135975564,1.8111396584528467,1.1366076199597006,0.8957790483570293,0.27441870823419423,1.0966262790842725,0.7836948291490171,1.190240324317633,0.46131637429124106,1.7826333441849274,-0.5639025458378327,0.20374637814532298,0.8986213832043084,0.8007519370660254
39.564473472091755,-0.2716038250303956,-0.32005864381789484,0.002676362244338537,-1.187540438655147,-1.2219080491499474,1.4401692283618062,-0.7534465898167129,0.8077231320467688,2.2110672821472366,1.3227206151206838,0.6674464445609467,0.5133175230645601,0.9208045795366298,0.6578470948454577,1.4484880187294793,0.20994538359052828,2.3940163099920815,-0.750039578645267,0.3462853737465799,1.0542960503658747,0.9808860039943289
39.758458403889485,-0.35284072343184014,-0.20912565169285752,-0.08037969405401729,-1.3482669129663583,-1.290025501835103,1.3907328187202919,-0.9908004244979547,0.3137438990631878,2.202893690187104,1.45072125658697,0.17137488540337947,0.5090295623759832,0.7353739434359023,0.5982412282301456,1.4800263053300426,-0.06295448062675366,2.4838770263049064,-0.6610173278925366,0.1715459476928317,1.0621427218524775,1.0586472920009067
39.95244333568723,-0.28174440850242616,-0.2074997708450221,-0.23228855780801444,-1.2626731787187908,-1.4305969719984135,0.9663696879579633,-1.0703773755089494,-0.20551830983561592,1.610393357630767,1.4955155734449694,-0.7080501780218271,0.15654235492167362,0.5361850572704987,0.6334816721684425,1.186957939837209,-0.366679777379169,1.827012703569106,-0.17801701204231246,-0.45747849118512407,0.8583265813499462,0.9898293738241299
40.14642826748496,-0.2106480935730174,-0.2058738899971868,-0.38419742156200043,-1.1770794444712296,-1.5711684421617138,0.5420065571956658,-1.1499543265199383,-0.7247805187343814,1.0178930250744735,1.5403098903029653,-1.5874752414469695,-0.19594485253261007,0.33699617110510977,0.668722116106737,0.8938895743443968,-0.670405074131562,1.1701483808333535,0.3049833038078764,-1.0865029300630338,0.6545104408474298,0.9210114556473581
40.3404131992827,-0.1395517786436034,-0.20424800914935137,-0.5361062853159976,-1.0914857102236621,-1.7117399123250243,0.11764342643333747,-1.229531277530933,-1.2440427276331851,0.4253926925181366,1.5851042071609645,-2.466900304872176,-0.5484320599869197,0.13780728493970618,0.7039625600450341,0.600821208851563,-0.9741303708839772,0.5132840580975531,0.7879836196581007,-1.7155273689409896,0.45069430034489844,0.8521935374705811
40.53439813108043,-0.06845546371419464,-0.20262212830151607,-0.6880151490699836,-1.0058919759761007,-1.8523113824883244,-0.30671970432896,-1.309108228541922,-1.7633049365319509,-0.1671076400381568,1.6298985240189605,-3.346325368297318,-0.9009192674412034,-0.061381601225682814,0.7392030039833285,0.30775284335875064,-1.2778556676363704,-0.14358026463819895,1.2709839355082897,-2.344551807818899,0.24687815984238193,0.7833756192938094
40.72838306287817,-0.0022739951873751788,-0.30902473075602277,-0.6820271103634232,-0.85863172742564,-1.8448229510620477,-0.6836060966764188,-1.2133017081718924,-1.873738617091982,-0.4808362118609535,1.5870207514966346,-3.626461015782681,-0.9781405255613155,-0.18902986652886494,0.7282133909678412,-0.016643249023713974,-1.2777537534320933,-0.4838301948580974,1.421409446808313,-2.5272658389884137,0.11089453496495055,0.6510012772397332
40.9223679946759,0.0556751056150938,-0.5963750427419393,-0.4115617600354371,-0.6080800674178468,-1.5893341844732196,-0.9809689521789451,-0.823727873238663,-1.299384512684581,-0.32762208445506175,1.3972922292622716,-2.902786891568815,-0.5942913185466547,-0.19684759188782058,0.6397884325547681,-0.3935132839462849,-0.768741260875372,-0.2937510176138508,1.0147721604867552,-1.962409937246298,0.0885303737595684,0.4121699251911936
41.116352926473645,0.11362420641756701,-0.8837253547278769,-0.1410964097074312,-0.35752840741003533,-1.333845417884373,-1.2783318076814933,-0.4341540383054051,-0.7250304082771382,-0.1744079570491588,1.2075637070278946,-2.1791127673548956,-0.2104421115319659,-0.2046653172467768,0.5513634741416886,-0.7703833188688836,-0.25972876831861336,-0.1036718403695902,0.6081348741651674,-1.3975540355041411,0.06616621255418462,0.17333857314263657
41.31033785827139,0.17157330722004024,-1.1710756667138145,0.1293689406205748,-0.10697674740222385,-1.0783566512955263,-1.5756946631840416,-0.04458020337214719,-0.15067630386969522,-0.02119382964325589,1.0178351847935176,-1.4554386431409765,0.17340709548272293,-0.212483042605733,0.462938515728609,-1.147253353791482,0.24928372423814538,0.08640733687467039,0.20149758784357985,-0.8326981337619841,0.043802051348800816,-0.06549277890592053
41.50432279006912,0.2295224080225092,-1.4584259786997311,0.3998342909485608,0.14357491260556932,-0.8228678847066981,-1.873057518686568,0.3449936315610824,0.42367780053770554,0.1320202977626358,0.8281066625591548,-0.7317645189271098,0.5572563024973836,-0.22030076796468867,0.3745135573155359,-1.5241233887140528,0.7582962167948666,0.276486514118917,-0.20513969847797808,-0.26784223201986856,0.021437890143418667,-0.3043241309544602
41.69830772186686,0.33015728483395346,-1.5377675205856058,0.46679458525272544,0.28237760785780214,-0.6179416617015703,-1.866516184054833,0.47051965626359604,0.5899405889696667,0.16456268556373843,0.5203898219540112,0.04848542510913345,0.843114571137865,-0.23063082346115624,0.2551003842716473,-1.7432773385286742,1.1861211904125981,0.4527012683686218,-0.5760198403599194,0.0836050669785309,0.1351383494641868,-0.4387924097243374
41.89229265366459,0.5149779976630667,-1.2068695436630985,0.13239768573216582,0.20078651150878726,-0.5127360107643281,-1.2606082522139357,0.07528472190001223,-0.048643384660982725,-0.040886413077915545,-0.020026202104520774,0.9403154582393265,0.9357129335403427,-0.24591575228438056,0.0745715657059057,-1.6513801204914964,1.4538263350116922,0.6015722994901671,-0.8763789473747671,0.01416317723235419,0.5171884770448046,-0.36743351619462694
42.086277585462334,0.6997987104921934,-0.8759715667405668,-0.20199921378841834,0.11919541515976642,-0.40753035982707814,-0.654700320372994,-0.31995021246360045,-0.687227358291679,-0.2463355117195846,-0.5604422261630924,1.8321454913695847,1.028311295942827,-0.261200681107606,-0.10595725285984908,-1.559482902454312,1.7215314796108059,0.7504433306117233,-1.1767380543896366,-0.05527871251382761,0.8992386046254506,-0.29607462266491125
42.28026251726006,0.8846194233213067,-0.5450735898180592,-0.5363961133089781,0.03760431881075155,-0.3023247088898359,-0.04879238853209644,-0.7151851468271841,-1.3258113319223286,-0.4517846103612386,-1.1008582502216244,2.723975524499778,1.1209096583453049,-0.2764856099308304,-0.2864860714255907,-1.4675856844171342,1.9892366242099,0.8993143617332686,-1.4770971614044843,-0.12472060226000432,1.2812887322060686,-0.22471572913520071
42.474247449057806,1.0694401361504335,-0.21417561289552745,-0.8707930128295622,-0.043986777538269295,-0.197119057952586,0.557115543308845,-1.110420081190797,-1.9643953055530248,-0.6572337090029077,-1.641274274280196,3.6158055576300363,1.2135080207477895,-0.29177053875405584,-0.46701488999134544,-1.3756884663799498,2.2569417688090136,1.0481853928548248,-1.777456268419354,-0.19416249200618607,1.6633388597867145,-0.15335683560548496
42.668232380855535,1.083778921217582,-0.11091807900695222,-1.16872331030071,-0.038539971734699946,-0.25152133940154575,0.8406519657605976,-1.2920740161623492,-2.3025628458812446,-0.9037620996942091,-1.948480953754449,4.119945711903785,1.2027681755500021,-0.25709977309205023,-0.4331665123106522,-1.2828837750351783,2.3499195283773213,1.0564206274630847,-1.9814060041767338,-0.3018124289326718,1.9149813959461455,-0.21067126110497758
42.86221731265328,0.6985506880924836,-0.5411928334793383,-1.3811850092185398,0.170901917239062,-0.680004712380804,0.36863016308129215,-0.9731474838086616,-1.9366293706566684,-1.2465700811269247,-1.7091032318591248,3.7154377126074554,0.9498294062890065,-0.10534534848024246,0.10312841907280501,-1.1879521931257253,2.0333799792795846,0.7350407139932147,-1.9593962760493577,-0.4990124764380468,1.8609811397120783,-0.569563778079277
43.05620224445101,0.3133224549674134,-0.971467587951693,-1.5936467081363541,0.38034380621280856,-1.1084880853600307,-0.10339163959797881,-0.6542209514549973,-1.5706958954321186,-1.5893780625596152,-1.4697255099638182,3.3109297133111553,0.6968906370280292,0.04640907613155415,0.639423350456223,-1.0930206112162795,1.716840430181871,0.4136608005233682,-1.9373865479219834,-0.6962125239434074,1.8069808834780154,-0.9284562950535502
43.25018717624875,-0.07190577815768506,-1.401742342424079,-1.8061084070541842,0.5897856951865704,-1.536971458339289,-0.5754134422772843,-0.33529441910130964,-1.2047624202075422,-1.932186043992331,-1.2303477880684943,2.906421714014825,0.44395186776703344,0.19816350074336192,1.1757182818396803,-0.9980890293068267,1.400300881084134,0.09228088705349813,-1.9153768197946073,-0.8934125714487824,1.7529806272439483,-1.2873488120278498
43.44417210804648,-0.4571340112827553,-1.8320170968964336,-2.0185701059719987,0.799227584160317,-1.9654548313185158,-1.0474352449565552,-0.016367886747645333,-0.8388289449829924,-2.2749940254250216,-0.9909700661731877,2.501913714718525,0.1910130985060563,0.3499179253551586,1.712013213223098,-0.9031574473973809,1.0837613319864203,-0.22909902641634838,-1.8933670916672327,-1.0906126189541427,1.6989803710098854,-1.646241329002123
43.638157039844224,-0.7747807084739985,-2.1950293980635616,-2.141665158333716,0.8086397872342679,-2.2054771200402987,-1.3144348186331904,0.17712011797861574,-0.6081496484867942,-2.450180344767384,-0.7475490469437135,2.053012572325668,-0.041602044977103056,0.3734967507325201,1.9796412780687396,-0.7547937941241567,0.7953831537977437,-0.45738032111873866,-1.79353511023831,-1.1681339988460782,1.7905760430670417,-1.827915877490848
43.83214197164195,-0.90175092928042,-2.3682654916908334,-2.01261860076926,0.2536825193766288,-1.9137699210356354,-1.0029788176237209,0.01669227689892211,-0.7590803562599513,-2.1524341174976827,-0.4927201530929044,1.4788593476247895,-0.21687553001563667,0.03543727826984833,1.4892449694684078,-0.4556753680745937,0.5864602721025047,-0.4229905128700183,-1.4741331998514664,-0.9079905665429582,2.292960227088699,-1.50958258632385
44.026126903439696,-1.028721150086851,-2.541501585318118,-1.883572043204794,-0.30127474848105096,-1.6220627220309507,-0.6915228166142282,-0.1437355641807833,-0.9100110640331194,-1.8546878902279595,-0.23789125924207666,0.9047061229238691,-0.39214901505418315,-0.30262219419284814,0.9988486608680403,-0.1565569420250088,0.37753739040725043,-0.3886007046212955,-1.1547312894645996,-0.647847134239819,2.7953444111103924,-1.1912492951568285
44.220111835237425,-1.1556913708932723,-2.7147376789453905,-1.7545254856403376,-0.8562320163386901,-1.3303555230262871,-0.3800668156047584,-0.3041634052604769,-1.0609417718062764,-1.5569416629582582,0.016937634608732433,0.33055289822299083,-0.5674225000927168,-0.64068166665552,0.5084523522677085,0.14256148402455415,0.16861450871201145,-0.35421089637257513,-0.8353293790777561,-0.3877037019366989,3.2977285951320496,-0.8729160039898305
44.41409676703517,-1.282661591699703,-2.8879737725726753,-1.625478928075872,-1.4111892841963698,-1.0386483240216025,-0.06861081459526597,-0.46459124634018234,-1.2118724795794447,-1.259195435688535,0.27176652845956006,-0.24360032647792984,-0.7426959851312632,-0.9787411391182164,0.018056043667340926,0.4416799100741391,-0.04030837298324286,-0.31982108812385224,-0.5159274686908892,-0.1275602696335596,3.8001127791537432,-0.5545827128228091
44.6080816988329,-1.3811922624071364,-2.9671530095456125,-1.4704716207808686,-1.8404585255762644,-0.8239499421199292,0.13973328899696344,-0.5654119766267236,-1.1967378040855343,-1.0412382126296809,0.44449726537782697,-0.6967729239384174,-0.8666836523169287,-1.2232089365568168,-0.3526742770742633,0.533476500320987,-0.24761997061005075,-0.23469887781674892,-0.25497732531272616,0.0972799442031131,3.9571536476404554,-0.3022369374149593
44.80206663063064,-1.3813694890222212,-2.721052283922241,-1.2256833873343598,-1.835056675387225,-0.8755737193661409,-0.008517919312160727,-0.46009144875357433,-0.6072936781262189,-1.0992179624667195,0.33330520957100124,-0.731554185525827,-0.8133078660947272,-1.1440055245371163,-0.30955972313770325,-0.09171492491670918,-0.44935921083354824,0.02587288960897466,-0.19617287617294255,0.2000298608433118,2.919882216568557,-0.2780979873408634
44.99605156242837,-1.381546715637306,-2.4749515582988875,-0.9808951538878687,-1.8296548251981861,-0.9271974966123488,-0.156769127621274,-0.3547709208804328,-0.017849552166946836,-1.1571977123037542,0.22211315376418364,-0.7663354471132341,-0.7599320798725295,-1.0648021125174214,-0.26644516920114636,-0.7169063501543596,-0.6510984510570308,0.28644465703467914,-0.13736842703316327,0.30277977748350304,1.8826107854967353,-0.2539590372667692
45.19003649422611,-1.3817239422523908,-2.2288508326755156,-0.73610692044136,-1.8242529750091467,-0.9788212738585605,-0.30502033593039823,-0.24945039300728356,0.5715945737923684,-1.215177462140793,0.11092109795735788,-0.8011167087006437,-0.706556293650328,-0.9855987004977208,-0.22333061526458634,-1.3420977753920558,-0.8528376912805283,0.5470164244604028,-0.07856397789337963,0.40552969412370177,0.8453393544248375,-0.22982008719267333
45.38402142602386,-1.3819011688674756,-1.9827501070521443,-0.49131868699485115,-1.8188511248201074,-1.0304450511047722,-0.4532715442395223,-0.14412986513413428,1.1610386997516837,-1.2731572119778316,-0.0002709578494678455,-0.8358979702880533,-0.6531805074281265,-0.9063952884780202,-0.1802160613280263,-1.967289200629752,-1.0545769315040259,0.8075881918861263,-0.019759528753596017,0.5082796107639005,-0.1919320766470598,-0.20568113711857744
45.578006357821586,-1.315895828554935,-1.738945290418635,-0.2704638051411657,-1.721013531171766,-1.065242651663375,-0.5869947368890767,-0.02618167968207668,1.5796035861212872,-1.2211784944905852,-0.06566908466240884,-0.8035395116664478,-0.5818489281277486,-0.820571872763377,-0.1390581612435474,-2.3761368116332773,-1.1608692071433409,0.9906110127693202,0.08818302810510087,0.5026138782058878,-0.9790090988208716,-0.14455389993088985
45.77199128961933,-0.961996322107213,-1.5051276778909315,-0.15371900271616967,-1.2210804534754447,-1.026846383630896,-0.6575210614195587,0.14669681623827546,1.2548437802758503,-0.690880444142705,0.06813637964801209,-0.47912327013563005,-0.4324096489372798,-0.7059514409757015,-0.10641170541560477,-1.843888830718372,-0.8519671868415284,0.8362959161926009,0.4098763535411007,0.025340071635679196,-0.6777404422883748,0.07747238620093644
45.96597622141706,-0.6080968156595171,-1.2713100653632448,-0.0369742002911822,-0.72114737577916,-0.9884501155984202,-0.7280473859500356,0.31957531215861495,0.9300839744304372,-0.1605823937948636,0.20194184395842324,-0.1547070286048361,-0.28297036974682194,-0.5913310091880344,-0.0737652495876645,-1.3116408498035061,-0.5430651665397386,0.681980819615893,0.731569678977077,-0.4519337349344945,-0.3764717857559001,0.2994986723327464
46.1599611532148,-0.2541973092117953,-1.0374924528355411,0.07977060213381376,-0.22121429808283866,-0.9500538475659415,-0.7985737104805176,0.4924538080789671,0.6053241685850004,0.3697156565530164,0.3357473082688442,0.16970921292598162,-0.13353109055635315,-0.4767105774003588,-0.04111879375972187,-0.7793928688886009,-0.2341631462379261,0.5276657230391736,1.0532630044130769,-0.929207541504703,-0.07520312922340333,0.5215249584645727
46.35394608501253,0.09970219723590068,-0.8036748403078546,0.19651540455880123,0.2787187796134458,-0.9116575795334654,-0.8691000350109945,0.6653323039993065,0.2805643627395873,0.9000137069008576,0.46955277257925526,0.4941254544567757,0.015908188634104703,-0.3620901456126917,-0.00847233793178162,-0.24714488797373502,0.0747388740638637,0.37335062646246553,1.3749563298490532,-1.4064813480748766,0.22606552730907148,0.7435512445963828
46.547931016810274,0.4278269230987742,-0.5794383566100814,0.31652534721291886,0.7122356565410024,-0.9113670089912852,-0.9330231539614801,0.7888330422991447,0.07558712941995208,1.2747836232406349,0.496887203934884,0.7773345222278538,0.07104167740285754,-0.2647069197196466,0.045409581356157545,0.21946382533641665,0.32688977943943887,0.2283894940243107,1.5478640951782723,-1.8344812019415433,0.5988351849766806,0.9014766083577497
46.741915948608,0.609357584385348,-0.4096945431325353,0.45510577492015103,0.7680103915963006,-1.1278025929251065,-0.9593905411757435,0.6314977841323928,0.5518732773406051,0.7649872774095917,-0.08133236463967042,0.8261777892404691,-0.41018901685172693,-0.26536030235228675,0.2200681990727832,0.31274920414462337,0.25626871867212664,0.13662903262423448,0.874553987400441,-1.982235449806875,1.3782667866000815,0.694827976137239
46.93590088040575,0.7908882456719353,-0.23995072965497677,0.5936862026273935,0.8237851266516028,-1.3442381768589438,-0.985757928390009,0.4741625259656293,1.028159425261293,0.25519093157851125,-0.6595519332142672,0.8750210562530881,-0.8914197111063467,-0.26601368498492695,0.3947268167894216,0.4060345829528369,0.18564765790480925,0.044868571224151554,0.2012438796225604,-2.129989697672218,2.1576983882235394,0.4881793439167132
47.129885812203476,0.9724189069585092,-0.0702069161774308,0.7322666303346257,0.8795598617069009,-1.5606737607927652,-1.0121253156042727,0.3168272677988774,1.504445573181946,-0.254605414252532,-1.2377715017888216,0.9238643232657036,-1.3726504053609312,-0.2666670676175671,0.5693854345060472,0.49931996176104365,0.11502659713749702,-0.04689189017592463,-0.472066228155271,-2.2777439455375497,2.9371299898469405,0.2815307116962025
47.32387074400122,1.1539495682450964,0.09953689730012771,0.870847058041868,0.9353345967622031,-1.7771093447266026,-1.038492702818538,0.15949200963211396,1.9807317211026336,-0.7644017600836124,-1.8159910703634181,0.9727075902783224,-1.853881099615551,-0.26732045025020723,0.7440440522226857,0.5926053405692572,0.04440553637017963,-0.13865235157600755,-1.1453763359331512,-2.4254981934028925,3.7165615914703984,0.0748820794756766
47.51785567579895,1.3043192613987413,0.2623597356959014,0.9430666045045819,0.9539961580443076,-1.936164313433144,-1.0368873700361403,0.006350488185976196,2.40183880333552,-1.213229372461545,-2.29230616353659,1.004596830741386,-2.2373495887073407,-0.2791136026050692,0.8916281407529593,0.6708470758790046,-0.03085077776881951,-0.238856592403923,-1.7356866737464565,-2.5574268149090935,4.3097606937302775,-0.1378717720231863
47.71184060759669,1.2079979568332802,0.3703915213609678,0.48992917444799366,0.6788450936218494,-1.6409560782568888,-0.813831337280089,-0.11359061755529744,2.3861116155401176,-1.1793878450021962,-1.9618774931152005,0.9022666943537799,-1.8468672869267309,-0.37909659859422234,0.8248722065578736,0.6299933001592419,-0.14280284776702687,-0.40590742036893257,-1.668915499340383,-2.564069227738805,3.428619176028413,-0.39895860947570544
47.90582553939442,1.1116766522678263,0.4784233070260263,0.03679174439143873,0.40369402919941144,-1.3457478430806549,-0.590775304524054,-0.2335317232965623,2.370384427744716,-1.1455463175428497,-1.631448822693835,0.7999365579661815,-1.4563849851461494,-0.47907959458336813,0.7581162723627929,0.5891395244394824,-0.254754917765226,-0.5729582483339298,-1.6021443249343144,-2.5707116405685158,2.5474776583266125,-0.6600454469282053
48.099810471192164,1.0153553477023651,0.5864550926910927,-0.4163456856651494,0.12854296477695326,-1.0505396079043998,-0.3677192717680027,-0.35347282903783594,2.3546572399493138,-1.1117047900835006,-1.3010201522724456,0.6976064215785754,-1.0659026833655394,-0.5790625905725213,0.6913603381677073,0.5482857487197197,-0.3667069877634334,-0.7400090762989393,-1.5353731505282409,-2.577354053398227,1.6663361406247477,-0.9211322843807245
48.29379540298989,0.9190340431369111,0.6944868783561513,-0.8694831157217046,-0.1466080996454847,-0.7553313727281659,-0.14466323901196765,-0.4734139347791008,2.3389300521539123,-1.0778632626241542,-0.9705914818510804,0.595276285190977,-0.675420381584958,-0.6790455865616671,0.6246044039726264,0.5074319729999601,-0.4786590577616326,-0.9070599042639367,-1.4686019761221725,-2.583996466227938,0.7851946229229476,-1.1822191218332245
48.48778033478764,0.8166701287749967,0.8000872173866669,-1.2802465824558915,-0.39096872185068343,-0.48116555174118064,0.057524214344918126,-0.5745127143576768,2.2927097484662933,-1.0589020924577024,-0.666456167905804,0.4706331299054598,-0.2987185922867732,-0.7629351327282157,0.5192670365432637,0.43405985909622946,-0.5527493302366505,-1.0755655871693852,-1.3612000984252048,-2.5520715335304525,-0.0321995353841107,-1.410319336712471
48.681765266585366,0.6395289181819827,0.8755984043146081,-1.166632253075358,-0.2542976216172955,-0.46739960634642097,0.0014629976371243886,-0.4424377076728715,1.8691371356125153,-1.2240853437908445,-0.6877011403524359,0.06986636575831223,-0.09255064495862378,-0.6476682373400342,-0.06351556716025097,-0.04172668983408229,-0.1582998583622156,-1.2620750999627548,-0.7509932675034525,-2.042875699933934,-0.060720121180413,-1.230210097247468
48.87575019838311,0.4623877075889557,0.9511095912425549,-1.0530179236948158,-0.11762652138389762,-0.4536336609516603,-0.05459821907067344,-0.31036270098805646,1.4455645227587066,-1.389268595123999,-0.7089461127990695,-0.33090039838886465,0.11361730236954082,-0.5324013419518443,-0.6462981708638083,-0.5175132387644288,0.23614961351224828,-1.4485846127561381,-0.14078643658165557,-1.5336798663373779,-0.08924070697671738,-1.0501008577824522
49.06973513018084,0.2852464969959416,1.0266207781704961,-0.939403594314282,0.01904457884949029,-0.4398677155569007,-0.11065943577846717,-0.17828769430325114,1.0219919099049286,-1.554451846457141,-0.7301910852457014,-0.7316671625360123,0.31978524969769023,-0.41713444656366294,-1.229080774567323,-0.9932997876947405,0.6305990853866832,-1.6350941255495077,0.4694203943400965,-1.024484032740859,-0.11776129277301967,-0.8699916183174495
49.26372006197858,0.10810528640291472,1.102131965098443,-0.8257892649337399,0.15571567908288814,-0.42610177016214,-0.166720652486265,-0.04621268761843611,0.5984192970511197,-1.7196350977902952,-0.7514360576923349,-1.132433926683189,0.5259531970258549,-0.3018675511754731,-1.8118633782708802,-1.469086336625087,1.025048557261147,-1.821603638342891,1.0796272252618935,-0.5152881991443032,-0.14628187856932406,-0.6898823788524336
49.457704993776325,-0.07601409081322595,1.1482224413547713,-0.7180951369273215,0.28120516116189437,-0.42519543818950983,-0.22981104196667024,0.07875728738495724,0.18323523643838815,-1.8684007601746722,-0.7856345734039046,-1.505537743581678,0.7162226200767181,-0.19665649038410044,-2.354484861326111,-1.9269652169799096,1.3993258396636965,-1.9959344319819468,1.6596773177219382,-0.03376056099093655,-0.1693386906595487,-0.519442253519744
49.651689925574054,-0.4398212585743372,0.4367296178177247,-0.7628461943044291,0.11876797576561035,-0.7554241518363882,-0.4739026303415175,0.02077269659192745,-0.01594360396680683,-1.5944135071284695,-1.1533868281872244,-1.1663206688271823,0.49710504298749786,-0.3503831704605046,-1.8629574876879937,-1.9237216315154464,1.2541692431649825,-1.85666320739739,1.463191394792638,-0.26468895549898025,-0.05170332981836814,-0.5979818170942048
49.8456748573718,-0.803628426335475,-0.27476320571937407,-0.8075972516815401,-0.043669209630685546,-1.0856528654832909,-0.7179942187163827,-0.037211894201106585,-0.21512244437201639,-1.3204262540822467,-1.5211390829705709,-0.8271035940726621,0.27798746589826157,-0.50410985053692,-1.3714301140498402,-1.9204780460509827,1.1090126466662578,-1.7173919828128232,1.2667054718633235,-0.4956173500070408,0.06593203102282105,-0.6765213806686713
50.03965978916953,-1.1674355940965864,-0.9862560292564209,-0.8523483090586477,-0.2061063950269696,-1.4158815791301693,-0.96208580709123,-0.09519648499413637,-0.41430128477721134,-1.046439001036044,-1.8888913377538905,-0.4878865193181665,0.058869888809041315,-0.6578365306133243,-0.879902740411723,-1.9172344605865195,0.9638560501675437,-1.5781207582282666,1.0702195489340234,-0.7265457445150846,0.1835673918640016,-0.755060944243132
50.23364472096727,-1.5312427618577242,-1.6977488527935196,-0.8970993664357586,-0.36854358042326557,-1.746110292777072,-1.206177395466095,-0.15318107578717044,-0.6134801251824209,-0.7724517479898214,-2.256643592537237,-0.14866944456364606,-0.16024768828019498,-0.8115632106897397,-0.38837536677356943,-1.913990875122056,0.818699453668819,-1.4388495336436997,0.873733626004709,-0.9574741390231452,0.3012027527051908,-0.8336005078175985
50.427629652765,-1.8950499296188357,-2.4092416763305664,-0.9418504238128662,-0.5309807658195496,-2.07633900642395,-1.4502689838409424,-0.2111656665802002,-0.812658965587616,-0.4984644949436188,-2.6243958473205566,0.1905476301908493,-0.3793652653694153,-0.9652898907661438,0.1031520068645477,-1.9107472896575928,0.673542857170105,-1.299578309059143,0.6772477030754089,-1.188402533531189,0.4188381135463714,-0.9121400713920592
