vlsr,spec_nearest,spec_0,spec_1,spec_2,spec_3,spec_4,spec_5,spec_6,spec_7,spec_8,spec_9,spec_10,spec_11,spec_12,spec_13,spec_14,spec_15,spec_16,spec_17,spec_18,spec_19
-14.640359051519996,0.235926553606987,0.6119922329198495,-2.6784931099786657,-1.4224758392073342,-0.3264352944104969,-4.980483154316006,-1.0710502674903943,-3.2293781894323605,-4.9643357032634965,-1.0069858856720098,-3.455689157233863,-3.953060865933651,1.2633601015178075,-4.385089773258028,-2.772023978424193,1.7248872847433763,-0.3361056942416307,-2.672444896456799,-2.140257085158388,2.8810603129384518,-5.604870606514019
-14.543760172981543,0.5332891281832999,0.16371333915034514,-2.7042567520200484,-0.9556278141300752,-0.9718169893068925,-4.764059605951231,-1.5304386114137012,-3.696928656189986,-4.616115213366093,-1.30983585732695,-3.2927582662174264,-3.2872651656331486,0.610170448665,-4.240007224102507,-3.44935070848804,-0.06457561260700562,-1.6116216574490438,-2.172826867348693,-1.7998953728152454,1.2075222073623098,-5.247827105504714
-14.44716129444309,0.8306517027596126,-0.2845655546191592,-2.730020394061431,-0.48877978905281627,-1.6171986842032882,-4.547636057586455,-1.989826955337008,-4.164479122947612,-4.26789472346869,-1.6126858289818902,-3.1298273752009895,-2.6214694653326465,-0.04301920418780747,-4.094924674946985,-4.126677438551887,-1.8540385099573875,-2.887137620656457,-1.6732088382405874,-1.4595336604721028,-0.46601589821383227,-4.89078360449541
-14.350562415904637,1.1280142773359256,-0.7328444483886636,-2.755784036102814,-0.021931763975557406,-2.262580379099684,-4.331212509221681,-2.449215299260315,-4.632029589705238,-3.9196742335712873,-1.9155358006368304,-2.966896484184553,-1.9556737650321439,-0.6962088570406149,-3.949842125791464,-4.804004168615735,-3.6435014073077694,-4.16265358386387,-1.1735908091324814,-1.1191719481289601,-2.139554003789974,-4.533740103486107
-14.253963537366184,1.4253768519122383,-1.181123342158168,-2.781547678144196,0.4449162611017017,-2.9079620739960794,-4.114788960856906,-2.9086036431836213,-5.099580056462863,-3.5714537436738842,-2.2183857722917706,-2.8039655931681167,-1.2898780647316417,-1.3493985098934225,-3.804759576635943,-5.481330898679582,-5.432964304658151,-5.438169547071283,-0.6739727800243756,-0.7788102357858175,-3.8130921093661163,-4.176696602476802
-14.157364658827731,1.7227394264885512,-1.6294022359276723,-2.807311320185579,0.9117642861789608,-3.5533437688924754,-3.8983654124921303,-3.367991987106928,-5.567130523220489,-3.223233253776481,-2.5212357439467112,-2.6410347021516802,-0.6240823644311391,-2.0025881627462296,-3.659677027480422,-6.158657628743429,-7.222427202008534,-6.713685510278696,-0.17435475091626973,-0.43844852344267493,-5.486630214942258,-3.819653101467498
-14.060765780289278,2.039155515353826,-1.9459694072521412,-2.2634935010692008,0.6518808387488869,-4.000258891171826,-2.9000804297755343,-3.253662630739348,-4.76299969113728,-2.6926063282411716,-2.4783427466898384,-2.221819194909452,-0.36047794544935957,-2.349341798742218,-3.309665887544883,-6.008062758888929,-6.438511120052784,-6.60905506294555,-0.7055459158286309,-0.5448722843083005,-5.023749162932494,-4.1088241983461105
-13.964166901750826,2.356744128175342,-2.254431241810777,-1.6846245151124104,0.34727545454921516,-4.434960685905535,-1.853680897252762,-3.104027569738549,-3.880611548356319,-2.150754391282012,-2.4141732590384333,-1.7868323266687436,-0.12162375916407037,-2.6772378337008993,-2.9470437574075197,-5.806518867501089,-5.496233254755416,-6.419492528810066,-1.300171492680594,-0.6787905358328755,-4.429396162763844,-4.437762347402366
-13.867568023212375,2.674332740996852,-2.5628930763694076,-1.1057555291556307,0.04267007034954906,-4.869662480639237,-0.8072813647300094,-2.954392508737753,-2.9982234055753754,-1.6089024543228623,-2.350003771387029,-1.3518454584280433,0.11723042712121445,-3.0051338686595743,-2.5844216272701637,-5.604974976113252,-4.553955389458065,-6.2299299946745865,-1.8947970695325465,-0.8127087873574481,-3.835043162595204,-4.766700496458616
-13.770969144673922,2.991921353818368,-2.8713549109280434,-0.5268865431988408,-0.2619353138501228,-5.304364275372946,0.2391181677927623,-2.804757447736954,-2.1158352627944153,-1.0670505173637026,-2.285834283735624,-0.9168585901873347,0.35608461340650355,-3.3330299036182556,-2.2217994971328006,-5.403431084725411,-3.611677524160697,-6.040367460539103,-2.4894226463845097,-0.9466270388820232,-3.240690162426554,-5.095638645514871
-13.674370266135469,3.309509966639884,-3.1798167454866793,0.05198244275794961,-0.5665406980497945,-5.739066070106656,1.285517700315535,-2.655122386736155,-1.2334471200134551,-0.5251985804045431,-2.2216647960842186,-0.4818717219466264,0.5949387996917928,-3.660925938576937,-1.8591773669954381,-5.201887193337571,-2.6693996588633286,-5.85080492640362,-3.0840482232364725,-1.0805452904065982,-2.6463371622579035,-5.424576794571127
-13.577771387597016,3.716132923661826,-2.0240545847955205,-0.007547301254517302,-0.6670232998127718,-5.8490120606140605,0.8075238586151645,-2.501637792586327,-1.4413046391320279,-0.031274795010539036,-1.7099800366365951,-0.38239923980238094,0.4172302285943027,-4.051476525646936,-1.571160291563129,-5.19646034851908,-2.85416016477885,-4.781978247288654,-2.428923051171221,-0.9511752489506949,-3.0178389834583874,-5.155080186773156
-13.481172509058563,4.134432515988737,-0.6762630476782334,-0.15080146886947698,-0.7407357006004551,-5.9163671259770485,0.12960957439380394,-2.3476483416300686,-1.7921451958767136,0.45636333116180805,-1.1396047497403103,-0.32692864435929403,0.18489047620073173,-4.45024410315776,-1.2929274856003317,-5.216753772103119,-3.1867289816730526,-3.5978382376846216,-1.6098961415431199,-0.7872755953006438,-3.5160102894285448,-4.80710033217466
-13.38457363052011,4.552732108315648,0.6715284894390541,-0.29405563648443667,-0.8144481013881386,-5.9837221913400365,-0.5483047098275569,-2.1936588906738104,-2.1429857526213993,0.9440014573341551,-0.5692294628440255,-0.2714580489162072,-0.04744927619283934,-4.849011680668585,-1.0146946796375345,-5.237047195687157,-3.5192977985672553,-2.4136982280805888,-0.7908692319150186,-0.6233759416505927,-4.014181595398703,-4.459120477576166
-13.287974751981658,4.971031700642559,2.0193200265563416,-0.43730980409939635,-0.888160502175822,-6.051077256703024,-1.2262189940489177,-2.039669439717552,-2.493826309366085,1.4316395835065023,0.001145824052259492,-0.2159874534731203,-0.2797890285864103,-5.247779258179409,-0.7364618736747373,-5.2573406192711944,-3.851866615461458,-1.2295582184765559,0.02815767771308275,-0.45947628800054163,-4.51235290136886,-4.11114062297767
-13.191375873443205,5.38933129296947,3.367111563673628,-0.580563971714356,-0.9618729029635054,-6.118432322066013,-1.9041332782702782,-1.8856799887612934,-2.844666866110771,1.9192777096788496,0.5715211109485443,-0.1605168580300334,-0.5121287809799813,-5.646546835690233,-0.45822906771193983,-5.277634042855232,-4.184435432355661,-0.04541820887252346,0.8471845873411845,-0.29557663435049053,-5.010524207339017,-3.7631607683791755
-13.094776994904752,4.488630876329314,3.293711645149244,-1.218771276700801,-1.227661723100584,-5.100460555288869,-1.433883558660307,-1.3390633803846723,-2.955560282211642,1.437930696381439,0.6425666225291574,-0.18444012694807363,-0.8066776705632529,-4.573293278102362,-0.6104823034494254,-4.691484057872134,-3.659421224553318,-0.23995262742072004,1.6532227215130864,-0.6536168936768365,-4.513009571798771,-2.92558948443439
-12.998178116366299,3.310246247275135,2.9211135254372436,-1.9611792421864693,-1.5338876841533104,-3.853998929113882,-0.7219151014017191,-0.7097884230774774,-3.0159385108085695,0.7525868116167829,0.6084900761486131,-0.22507789362634528,-1.1143232206075095,-3.1901405341780307,-0.8533641795448335,-3.9776617763486297,-2.9538632220780823,-0.7247342940008636,2.4565263766415795,-1.1215392399455433,-3.805876843309041,-1.9849463206272637
-12.901579237827846,2.1318616182209555,2.5485154057252437,-2.703587207672138,-1.8401136452060367,-2.6075373029388955,-0.009946644143131511,-0.08051346577028218,-3.076316739405497,0.06724292685212663,0.5744135297680688,-0.2657156603046169,-1.421968770651766,-1.8069877902536997,-1.0962460556402416,-3.263839494825126,-2.2483052196028463,-1.2095159605810073,3.259830031770072,-1.58946158621425,-3.0987441148193104,-1.0443031568201375
-12.804980359289393,0.9534769891667771,2.1759172860132434,-3.4459951731578062,-2.1463396062587634,-1.3610756767639094,0.7020218131154561,0.5487614915369126,-3.136694968002425,-0.6181009579125294,0.5403369833875246,-0.3063534269828886,-1.7296143206960228,-0.4238350463293692,-1.3391279317356495,-2.550017213301622,-1.54274721712761,-1.694297627161151,4.063133686898565,-2.057383932482957,-2.39161138632958,-0.10365999301301132
-12.70838148075094,-0.2249076398874026,1.8033191663012436,-4.188403138643475,-2.4525655673114897,-0.11461405058892193,1.4139902703740441,1.178036448844108,-3.197073196599353,-1.3034448426771856,0.5062604370069803,-0.34699119366116027,-2.0372598707402796,0.9593176975949618,-1.5820098078310574,-1.8361949317781185,-0.8371892146523741,-2.1790792937412946,4.866437342027058,-2.5253062787516636,-1.6844786578398496,0.8369831707941149
-12.61178260221249,0.05310280206894441,1.7016949394023277,-2.7097077581058495,-2.52620535085527,0.3064338518563178,1.0550905921093217,0.682638029613646,-1.7864676526657015,-1.5042120082452308,1.148565402096053,-0.32672407080913707,-2.5926199173998072,1.2732052368000082,-0.6033373718079893,-1.212366942117605,-0.582624398899308,-1.5940841802079988,4.388190224944968,-2.022636689154864,-1.8709575967129795,1.1309094434190596
-12.515183723674035,0.7707796805567857,1.6818741518432077,-0.5604906127309346,-2.529630439302013,0.47830025279825306,0.3729099672715064,-0.1522844278168869,0.06820846410743364,-1.5586918623577024,1.9950610121571148,-0.28807056621211824,-3.222761698886611,1.264295733070941,0.744106177307494,-0.6157070405666476,-0.46420846970386886,-0.6861375858857122,3.5230598558747537,-1.2269582132590198,-2.327206095544719,1.2296004281399608
-12.418584845135584,1.4884565590446008,1.6620533642840882,1.5887265326439017,-2.5330555277487554,0.650166653740182,-0.3092706575662836,-0.9872068852473892,1.9228845808805008,-1.613171716470172,2.841556622218145,-0.24941706161510085,-3.8529034803733917,1.255386229341874,2.0915497264229277,-0.01904713901571231,-0.3457925405084341,0.22180900843654117,2.657929486804571,-0.4312797373632047,-2.783454594376442,1.3282914128608585
-12.321985966597131,2.2061334375324293,1.6422325767249684,3.7379436780187767,-2.5364806161954982,0.8220330546821141,-0.991451282404086,-1.8221293426779068,3.777560697653602,-1.6676515705826427,3.6880522322791918,-0.21076355701808272,-4.483045261860184,1.2464767256128069,3.438993275538386,0.5776127625352343,-0.2273766113129972,1.1297556027588112,1.7927991177343725,0.3643987385326253,-3.239703093208174,1.426982397581758
-12.225387088058678,2.9238103160202575,1.6224117891658485,5.887160823393653,-2.539905704642241,0.9938994556240461,-1.6736319072418886,-2.6570518001084245,5.632236814426704,-1.7221314246951132,4.534547842340238,-0.1721100524210646,-5.113187043346976,1.23756722188374,4.786436824653845,1.1742726640861805,-0.10896068211756027,2.037702197081081,0.9276687486641739,1.1600772144284548,-3.6959515920399055,1.5256733823026574
-12.128788209520225,3.7510569990535494,1.4528916149171331,5.8650738562920095,-2.874869976858663,1.4989490105601002,-1.2853314865397567,-2.218893267606954,5.156658885994002,-2.1201741675309895,4.4321507278530685,-0.26426216865695806,-4.563304310608078,0.9828090282965893,4.770793583154266,0.964718340310718,-0.09886030273433744,2.0036736067857515,-0.010211508039142947,1.117334323706431,-3.4332760390751336,1.6872077703889026
-12.032189330981772,4.623026051289065,1.222269650182879,4.956740312669487,-3.345156364899422,2.139991689575365,-0.46010002684180695,-1.261109841255781,3.729956857477461,-2.6584466608661907,3.9424504604891406,-0.40980433421239815,-3.531778919001635,0.6277044306857482,4.198788386301706,0.42609698578983835,-0.13297035184588835,1.5851653492996314,-0.9777855964294413,0.7323786302833005,-2.877162097622043,1.8743925271956927
-11.93559045244332,5.494995103524579,0.9916476854486247,4.048406769046963,-3.8154427529401804,2.781034368590629,0.3651314328561428,-0.3033264149046082,2.3032548289609207,-3.196719154201393,3.452750193125213,-0.5553464997678383,-2.500253527395191,0.2725998330749072,3.626783189449145,-0.11252436873104132,-0.16708040095743926,1.1666570918135108,-1.9453596848197394,0.3474229368601698,-2.3210481561689527,2.061577284002483
-11.838991573904867,6.366964155760094,0.7610257207143705,3.1400732254244406,-4.285729140980939,3.4220770476058937,1.1903628925540923,0.6544570114465649,0.8765528004443803,-3.734991647536594,2.9630499257612857,-0.7008886653232784,-1.468728135788747,-0.0825047645359338,3.054777992596584,-0.6511457232519211,-0.20119045006899014,0.7481488343273905,-2.912933773210038,-0.037532756562960845,-1.7649342147158618,2.248762040809273
-11.742392695366414,7.2389332079956095,0.5304037559801162,2.231739681801918,-4.756015529021697,4.063119726621158,2.015594352252042,1.6122404377977384,-0.5501492280721605,-4.273264140871795,2.473349658397358,-0.8464308308787185,-0.4372027441823034,-0.4376093621467749,2.4827727957440238,-1.1897670777728009,-0.23530049918054105,0.32964057684127024,-3.880507861600336,-0.4224884499860917,-1.2088202732627709,2.4359467976160634
-11.645793816827961,7.015297469573549,0.23942832255858226,1.5564243144412953,-4.181467023854889,4.603109865898413,2.3208530028852605,2.005690219221128,-0.6111905645758554,-3.5663719149914757,2.2091205842978567,-0.42767037367454075,0.42025790359787674,-0.2932132916062535,2.0045861363767634,-0.8418596670606255,0.2541926191461732,0.3747861939574031,-3.6939319299049176,-0.21996917148491846,-0.23656180489115508,2.3238633688428174
-11.549194938289508,6.207339176134234,-0.08373562749616115,1.0053853077536612,-3.049673242310825,5.0892053173154075,2.348792822017346,2.098162056683094,0.05612046799382009,-2.19539183886301,2.0651428132726926,0.29205148233470624,1.1848840213374,0.1175831352816078,1.5764360303349867,-0.02113691489091618,1.0229407601065728,0.6672138775280213,-2.891809320830573,0.29587009204248715,0.9576404111702963,2.0521702410935845
-11.452596059751055,5.399380882694917,-0.40689957755090456,0.4543463010660269,-1.91787946076676,5.5753007687324025,2.376732641149432,2.1906338941450607,0.7234315005634957,-0.8244117627345444,1.921165042247528,1.011773338343953,1.949510139076923,0.5283795621694691,1.14828592429321,0.799585837278793,1.7916889010669723,0.9596415610986395,-2.0896867117562286,0.8117093555698927,2.1518426272317477,1.7804771133443518
-11.355997181212604,4.5914225892556155,-0.730063527605642,-0.09669270562159715,-0.7860856792227153,6.061396220149388,2.404672460281517,2.2831057316070256,1.3907425331331589,0.5465683133938963,1.7771872712223662,1.7314951943531867,2.714136256816432,0.9391759890573228,0.720135818251441,1.6203085894484874,2.5604370420273574,1.2520692446692523,-1.2875641026818987,1.3275486190972887,3.3460448432931775,1.508783985595124
-11.25939830267415,3.7834642958162843,-1.0532274776603914,-0.6477317123092416,0.34570810232137017,6.547491671566391,2.432612279413603,2.3755775690689935,2.058053565702847,1.9175483895223868,1.6332095001971991,2.451217050362447,3.4787623745559695,1.3499724159451916,0.2919857122096565,2.4410313416182117,3.3291851829877714,1.544496928239876,-0.4854414936075391,1.8433878826247039,4.540247059354651,1.237090857845886
-11.162799424135699,3.7651751061906977,-0.84108519671648,-0.7626641738026941,1.3487138618131689,6.179386154555254,2.5024003782308926,2.6417587362289687,1.3605760940244878,2.378741943262366,1.250231881475739,2.4090687100210135,3.4869210474466046,1.1922557711935569,0.5367780751444569,2.684236865784345,3.38822874038937,1.5712468912460058,0.043329122684792,1.4600502804213737,4.471588175243832,1.0402742926687967
-11.066200545597244,4.286172133803739,-0.2633679287490981,-0.5797677751635498,2.2637668257571306,5.227923878617589,2.600767790003933,3.026570665133934,-0.26895206348180256,2.218617871956593,0.7040348545714293,1.8466187721718126,2.978467806781918,0.6462862970295874,1.2411409046974056,2.5330403805822064,2.962595996824001,1.4165584109398093,0.38542032927236525,0.46264067235315154,3.5404875641861207,0.8945929409555993
-10.969601667058793,4.807169161416762,0.3143493392182626,-0.39687137652441223,3.178819789701059,4.276461602679959,2.6991352017769703,3.411382594038886,-1.898480220988033,2.058493800650826,0.15783782766713972,1.2841688343226323,2.47001456611725,0.10031682286563792,1.945503734250328,2.3818438953800736,2.5369632532586475,1.2618699306336183,0.7275115358599258,-0.534768935715034,2.609386953128444,0.7489115892424073
-10.87300278852034,5.328166189029793,0.8920666071856338,-0.2139749778852713,4.0938727536450035,3.3249993267423115,2.797502613550009,3.7961945229438445,-3.528008378494293,1.8983697293450557,-0.38835919923716,0.7217188964734418,1.9615613254525723,-0.44565265129832143,2.649866563803264,2.2306474101779377,2.1113305096932864,1.1071814503274247,1.0696027424474928,-1.5321785437832376,1.67828634207075,0.6032302375292126
-10.776403909981887,5.849163216642825,1.469783875153005,-0.031078579246130333,5.00892571758895,2.3735370508046634,2.895870025323048,4.181006451848804,-5.1575365360005545,1.7382456580392853,-0.93455622614146,0.15926895862425106,1.4531080847878952,-0.9916221254622806,3.3542293933561993,2.0794509249758018,1.685697766127925,0.9524929700212309,1.4116939490350597,-2.529588151851441,0.7471857310130554,0.45754888581601794
-10.679805031443435,5.699578928059322,0.9347930571911939,-0.20582461738601127,4.752133252268073,1.481087745340525,2.2001510567973814,3.984720969190853,-5.184329894135257,1.5189924961647736,-1.2748230350732825,-0.30208869855969145,1.3539855605706204,-1.4550442569386424,3.251469143909717,1.939926607292088,1.1096553254425185,1.0483829095835069,1.1692203560569323,-3.1491018704734253,0.22579005451552892,0.7315543734716216
-10.583206152904982,4.9700324200627115,-0.5625398891416142,-0.6898830332806617,3.481852848123764,0.6396766846102202,0.8176546782837795,3.285864752208322,-3.824974236597534,1.2486006613659546,-1.4369880338667818,-0.6760151940872201,1.6088787911185976,-1.8470740920365551,2.4506565018152253,1.8104971371918726,0.4035288223830438,1.3609893203833363,0.42117720669776215,-3.441786711736579,0.05873378088077985,1.3685322627434124
-10.486607274366529,4.240485912066102,-2.059872835474422,-1.1739414491753122,2.211572443979455,-0.2017343761200845,-0.564841700229822,2.587008535225791,-2.4656185790598113,0.9782088265671355,-1.5991530326602807,-1.0499416896147487,1.8637720216665752,-2.239103927134468,1.6498438597207334,1.681067667091657,-0.3025976806764312,1.6735957311831655,-0.3268659426614078,-3.7344715529997323,-0.10832249275396916,2.005510152015203
-10.390008395828076,3.510939404069492,-3.5572057818072294,-1.6579998650699626,0.9412920398351456,-1.0431454368503892,-1.947338078743424,1.88815231824326,-1.106262921522088,0.7078169917683165,-1.7613180314537797,-1.4238681851422774,2.1186652522145524,-2.6311337622323805,0.849031217626242,1.5516381969914415,-1.008724183735906,1.9862021419829947,-1.0749090920205782,-4.027156394262886,-0.27537876638871817,2.642488041286994
-10.293409517289623,2.781392896072882,-5.054538728140038,-2.142058280964613,-0.3289883643091631,-1.8845564975806939,-3.3298344572570255,1.1892961012607293,0.25309273601563476,0.43742515696949735,-1.9234830302472787,-1.797794680669806,2.3735584827625296,-3.0231635973302935,0.04821857553175013,1.4222087268912258,-1.7148506867953808,2.298808552782824,-1.822952241379748,-4.31984123552604,-0.44243504002346723,3.279465930558785
-10.19681063875117,2.812189457409739,-5.438463219621452,-2.072032203216666,-0.5785729099598098,-2.146423497759614,-3.742658455429728,0.6779286307846504,1.3361500270449622,0.13055128725244433,-1.9928954511169978,-1.6050569398744292,2.361018974457095,-2.697819075991278,-0.3882060638555655,1.562709902315635,-1.7639198403300693,2.5086649313817904,-2.0690336936003924,-3.546516630792557,-0.18098360989344675,3.4084594808351536
-10.10021176021272,3.6724511852920445,-4.607760305810652,-1.397550314222359,0.28532893547334104,-1.7760606137007717,-3.097658038685271,0.3710943383155825,2.1177909182469823,-0.21612116601176046,-1.9611232415244289,-0.7941400321814533,2.05673466012981,-1.5898843476303073,-0.4271165184714812,1.997680872857761,-1.0961991580196657,2.6064303657616508,-1.7675205671245584,-1.6102726304266053,0.5479307697980507,2.9832882976620696
-10.003612881674265,4.532712913174382,-3.777057391999822,-0.7230684252280279,1.1492307809065236,-1.4056977296419157,-2.4526576219407907,0.06426004584650324,2.8994318094490312,-0.5627936192759779,-1.9293510319318588,0.01677687551155227,1.7524503458025136,-0.481949619269296,-0.4660269730873983,2.4326518433999027,-0.42847847570923747,2.7041958001415143,-1.4660074406487134,0.3259713699394178,1.276845149489575,2.5581171144889696
-9.907014003135814,5.3929746410566874,-2.946354478189022,-0.04858653623372167,2.0131326263396745,-1.0353348455830738,-1.8076572051963335,-0.24257424662256466,3.681072700651051,-0.9094660725401826,-1.8975788223392898,0.8276937832045284,1.4481660314752285,0.6259851090916744,-0.5049374277033141,2.8676228139420283,0.23924220660116635,2.8019612345213742,-1.1644943141728792,2.26221537030537,2.0057595291810726,2.1329459313158856
-9.810415124597359,6.2532363689390245,-2.115651564378192,0.6258953527606095,2.877034471772857,-0.6649719615242178,-1.1626567884518528,-0.5494085390916439,4.4627135918531,-1.2561385258044002,-1.8658066127467197,1.6386106908975338,1.143881717147932,1.733919837452686,-0.5438478823192312,3.3025937844841704,0.9069628889115946,2.899726668901238,-0.8629811876970341,4.198459370671392,2.7346739088725966,1.7077747481427856
-9.713816246058908,6.599177084542948,-1.430265403708922,1.2386717822585576,3.201640583718598,-0.09632544475516797,-0.40674438806300517,-0.4990556082628643,4.8759816888464,-1.0926086340812464,-1.600116983059251,2.2550261434324135,0.994843433797575,2.90497749000676,-0.2808033543196489,3.807516424560805,1.7159843984014018,2.848844973916198,-0.3896348230703791,5.159801698275025,3.4793774674232925,1.843778288313473
-9.617217367520453,6.235709507349208,-0.9453161439244692,1.7663372331408727,2.7823905115438814,0.7458157378210504,0.5021500587319063,0.043969354700814645,4.78114938003465,-0.22535136996182215,-1.0117826359995392,2.6031637267837695,1.0599376069670858,4.1631012448961835,0.39873080487367885,4.4089241260643535,2.7199036005524597,2.592932755669252,0.32072290452291163,4.776452063448086,4.245859203710838,2.753815929647887
-9.520618488982002,5.8722419301554805,-0.4603668841400341,2.2940026840231686,2.36314043936918,1.5879569203972377,1.4110445055267844,0.5869943176644736,4.686317071222904,0.6419058941575702,-0.423448288939849,2.951301310135113,1.1250317801365943,5.42122499978556,1.0782649640669817,5.01033182756788,3.723822802703481,2.337020537422315,1.0310806321161763,4.393102428621161,5.012340939998355,3.6638535709822673
-9.42401961044355,5.508774352961747,0.024582375644409682,2.8216681349054737,1.9438903671944712,2.4300981029734405,2.3199389523216793,1.1300192806281426,4.591484762411155,1.5091631582769787,0.1648860581198517,3.299438893486463,1.190125953306104,6.67934875467496,1.757799123260297,5.611739529071418,4.7277420048545205,2.081108319175373,1.7414383597094543,4.009752793794228,5.778822676285886,4.573891212316664
-9.327420731905097,5.145306775768013,0.5095316354288533,3.3493335857877793,1.5246402950197622,3.2722392855496434,3.228833399116574,1.6730442435918116,4.496652453599407,2.376420422396387,0.7532204051795528,3.6475764768378123,1.2552201264756135,7.93747250956436,2.4373332824536122,6.213147230574956,5.73166120700556,1.8251961009284317,2.451796087302732,3.626403158967296,6.545304412573417,5.4839288536510615
-9.230821853366644,4.622898644055165,0.9872919602203718,3.45425314483666,1.433687243557784,3.5663275266367656,3.892472938549339,1.9091455233670789,4.583191716129034,3.4740559918471643,1.0086413347099734,3.704983951343244,1.395807459116879,8.207516063482274,2.735535984197304,6.696210200214751,6.280833552084529,1.9102849929770427,2.8793684245230295,3.3522998204628256,6.7363162492051245,5.912634292631472
-9.134222974828191,3.820755136388729,1.4523997594243434,2.815139934258854,1.9205369485501032,2.895842590703287,4.124463841024838,1.605061120730861,4.98894494421942,4.977157378681073,0.6781346493889711,3.250706434279957,1.6692627524284092,6.738538463690696,2.3625953208297865,6.970986441774401,6.029651428716802,2.595535839145713,2.8092384746869756,3.2704699634858514,5.914501062442772,5.494195055469025
-9.037624096289738,3.0186116287222924,1.917507558628315,2.1760267236810478,2.407386653542422,2.225357654769809,4.356454743500336,1.3009767180946428,5.394698172309806,6.480258765514982,0.3476279640679688,2.7964289172166694,1.9427180457399396,5.26956086389912,1.989654657462269,7.245762683334051,5.778469305349076,3.2807866853143826,2.7391085248509217,3.188640106508877,5.09268587568042,5.075755818306579
-8.941025217751285,2.216468121055856,2.382615357832287,1.5369135131032419,2.894236358534741,1.55487271883633,4.588445645975836,0.996892315458425,5.800451400400192,7.983360152348891,0.01712127874696656,2.3421514001533827,2.21617333905147,3.8005832641075417,1.6167139940947515,7.5205389248937005,5.52728718198135,3.9660375314830523,2.668978575014868,3.106810249531903,4.270870688918068,4.6573165811441335
-8.844426339212832,1.4143246133894198,2.8477231570362584,0.897800302525436,3.38108606352706,0.8843877829028517,4.820436548451335,0.6928079128222071,6.206204628490578,9.4864615391828,-0.3133854065740358,1.8878738830900954,2.489628632363,2.3316056643159655,1.2437733307272338,7.79531516645335,5.276105058613624,4.651288377651722,2.598848625178814,3.0249803925549283,3.449055502155716,4.238877343981686
-8.74782746067438,0.9829729457297929,3.297997701986262,0.7766531629153139,3.5121952076762053,0.5591753429278024,4.776662372128053,0.5282076629389011,6.457401371757364,10.014598711757223,-0.0896981210863031,1.7782406461079998,2.6477916074451695,1.7373957915429195,1.1168763207659267,7.819060532530984,5.492733421216963,5.262496199926694,2.6741977491815003,3.0080964369404275,2.895242172374908,3.9548689593431035
-8.651228582135928,1.3991454837998636,3.7143676657843367,1.8394284712311058,2.8301830698982466,1.02315717942902,4.102568015693393,0.6824283336336222,6.355326149713127,8.31424625173895,1.4007182405354381,2.4563657635970526,2.5424292837174174,3.1426550090975787,1.552364804304426,7.2690210403641204,6.7786428946110995,5.704462824730378,3.0820704705298154,3.1396602558686952,2.954004515694666,3.978131094759012
-8.554629703597474,1.8153180218699498,4.130737629582427,2.902203779546937,2.1481709321202627,1.4871390159302547,3.4284736592587075,0.836649004328349,6.253250927668885,6.6138937917206135,2.891134602157234,3.13449088108613,2.4370669599896617,4.54791422665229,1.9878532878429414,6.7189815481972355,8.064552368005284,6.146429449534077,3.4899431918781456,3.2712240747969674,3.0127668590144263,4.001393230174922
-8.458030825059023,2.2314905599400205,4.547107593380502,3.9649790878627287,1.466158794342304,1.951120852431472,2.754379302824047,0.99086967502307,6.151175705624647,4.91354133170234,4.381550963778976,3.812615998575183,2.33170463626191,5.953173444206949,2.4233417713814407,6.168942056030371,9.35046184139942,6.58839607433776,3.897815913226461,3.4027878937252347,3.0715292023341845,4.02465536559083
-8.361431946520568,2.6476630980101064,4.963477557178591,5.027754396178559,0.7841466565643205,2.4151026889327065,2.080284946389362,1.1450903457177968,6.049100483580405,3.213188871684003,5.871967325400772,4.49074111606426,2.2263423125341544,7.35843266176166,2.858830254919956,5.618902563863487,10.636371314793603,7.03036269914146,4.305688634574791,3.534351712653507,3.130291545653945,4.047917501006739
-8.264833067982117,3.312451715114163,5.310025690511336,5.595514049151602,0.49921451531623456,2.700587568267074,1.9304534827789501,1.2302634704356799,5.828752995257519,2.253167031259219,6.742027770111095,5.037886276136687,2.228527966057178,8.208833327307133,3.204441208166469,4.999786991319699,11.333151132573734,7.479262219244841,4.411503594405572,3.588657127781829,3.039317110189751,3.8509355976686224
-8.168234189443663,4.737713044557386,5.443001165950171,4.649108168135293,1.4288800105122856,2.4400817550911604,3.384249691336599,1.1042323368715032,5.2466315159646895,3.5576859095906377,5.714528939563262,5.184386860581862,2.5596839029354683,7.36201959847183,3.2751326569904884,4.169379878799442,10.227887297887765,7.949368242617903,3.593377166065204,3.4066427195221167,2.490324292562943,2.9802660463771007
-8.071635310905211,6.162974374000557,5.5759766413889995,3.702702287119019,2.3585455057083027,2.1795759419152567,4.838045899894194,0.9782012033073311,4.6645100366718815,4.862204787922009,4.687030109015467,5.330887445027031,2.8908398398137463,6.515205869636559,3.3458241058145046,3.338972766279216,9.122623463201835,8.419474265990948,2.7752507377248667,3.224628311262411,1.941331474936155,2.1095964950856114
-7.975036432366759,7.588235703443754,5.708952116827832,2.7562964061027277,3.2882110009043366,1.9190701287393486,6.291842108451816,0.8521700697431567,4.082388557379063,6.166723666253404,3.659531278467653,5.477388029472203,3.221995776692031,5.668392140801272,3.4165155546385226,2.508565653758975,8.017359628515887,8.889580289364002,1.9571243093845143,3.042613903002702,1.3923386573093568,1.2389269437941057
-7.878437553828306,9.013497032886951,5.841927592266663,1.8098905250864359,4.217876496100371,1.65856431556344,7.745638317009439,0.7261389361789822,3.500267078086244,7.471242544584799,2.6320324479198387,5.623888613917376,3.553151713570315,4.8215784119659855,3.48720700346254,1.678158541238734,6.912095793829937,9.359686312737054,1.1389978810441619,2.860599494742993,0.8433458396825588,0.36825739250260003
-7.781838675289853,10.004916245752886,5.867020744262795,1.1497356001491585,4.853779960517268,1.4980265928274732,8.88650595689917,0.9006292802020703,3.2150692197880333,8.397131034825703,1.8964312230603613,5.723831021813633,3.850866630160704,4.283711259836694,3.6023935730592207,1.0127683066771334,5.999428413819012,9.62802302650603,0.6581198914542633,2.8406372642513347,0.5668824574184976,-0.4301549272842376
-7.6852397967514,9.127477110286142,5.427390041428865,1.7226617167829248,4.224246984654897,1.7681206442943012,8.679373608681157,2.36967368152404,4.208926959620348,7.691996314830774,2.41823506885824,5.623215130729968,4.004527920895555,5.076690899671589,3.9092514321381255,1.058220007937316,5.9164073001004365,9.027199637365195,1.6300044072508293,3.518745953375843,1.4643920274861393,-0.9173053267432988
-7.588640918212947,8.250037974819396,4.987759338594934,2.295587833416691,3.5947140087925264,2.0382146957611287,8.472241260463147,3.8387180828460097,5.2027846994526605,6.986861594835846,2.9400389146561183,5.522599239646302,4.158189211630406,5.869670539506484,4.21610929121703,1.103671709197499,5.83338618638186,8.426376248224361,2.601888923047395,4.196854642500352,2.3619015975537807,-1.4044557262023598
-7.4920420396744944,7.37259883935265,4.548128635761004,2.8685139500504575,2.965181032930156,2.3083087472279566,8.265108912245134,5.307762484167979,6.196642439284974,6.281726874840917,3.4618427604539974,5.421983348562637,4.311850502365257,6.662650179341379,4.522967150295935,1.149123410457682,5.750365072663285,7.825552859083527,3.5737734388439613,4.87496333162486,3.2594111676214226,-1.8916061256614212
-7.3954431611360425,6.495159703885912,4.108497932927078,3.4414400666842186,2.3356480570677904,2.578402798694782,8.057976564027124,6.776806885489935,7.1905001791172785,5.5765921548459945,3.983646606251871,5.321367457478972,4.465511793100107,7.455629819176267,4.8298250093748365,1.1945751117178642,5.66734395894471,7.224729469942698,4.545657954640518,5.553072020749363,4.156920737689056,-2.378756525120478
-7.29884428259759,5.823683725045556,3.709677324615013,3.9672881244685434,1.7537581408512477,2.831109065165465,7.808373838518277,7.986501441953084,7.933301298359908,4.940613384768846,4.383926506123816,5.312122269209901,4.493755726305462,8.136392301871323,4.972487974411795,1.2694136913332372,5.454742926793741,6.609953380140479,5.294543932652044,6.078014530544773,4.8030410502108545,-2.714780742739299
-7.202245404059137,6.525295457047534,3.5829240131153344,4.179282456589989,1.4894886222734964,2.9678967649952037,7.275635264403908,7.467197032691097,7.002391613671631,4.7656742808101455,3.9740467664896997,5.912015099704666,3.6858839426476817,8.069040403634268,4.0205183125026505,1.5401647933165052,4.378275771760314,5.902159285929043,4.55677299209692,5.581849178146394,3.773232979094028,-2.0432970814233853
-7.105646525520684,7.226907189049512,3.4561707016156555,4.391276788711434,1.2252191036957452,3.1046844648249423,6.74289669028954,6.94789262342911,6.071481928983354,4.590735176851445,3.564167026855583,6.51190793019943,2.8780121589899013,8.001688505397214,3.0685486505935065,1.8109158952997735,3.3018086167268867,5.194365191717608,3.8190020515417955,5.085683825748015,2.7434249079772015,-1.3718134201074714
-7.009047646982231,7.92851892105149,3.3294173901159767,4.603271120832879,0.9609495851179939,3.241472164654681,6.210158116175172,6.428588214167122,5.140572244295077,4.415796072892745,3.154287287221466,7.111800760694195,2.0701403753321204,7.9343366071601595,2.1165789886843625,2.0816669972830417,2.2253414616934597,4.4865710975061734,3.0812311109866712,4.589518473349636,1.7136168368603752,-0.7003297587915576
-6.912448768443778,8.630130653053467,3.202664078616298,4.815265452954325,0.6966800665402426,3.37825986448442,5.677419542060804,5.909283804905135,4.2096625596068,4.240856968934044,2.7444075475873486,7.7116935911889595,1.2622685916743395,7.866984708923105,1.1646093267752184,2.35241809926631,1.1488743066600327,3.778777003294738,2.343460170431547,4.093353120951257,0.6838087657435485,-0.028846097475643706
-6.8158498899053255,9.301214108836021,3.1107785893866318,5.047993539143624,0.5272730445763071,3.5043610287658096,5.2403946325506,5.400172124642161,3.385590357972135,4.135877950890665,2.34959582116359,8.248259188459357,0.5673328743681203,7.759186663149893,0.3795622368736432,2.685515406919982,0.2706963588228623,3.177619628664058,1.7231121562682525,3.5863102043876975,-0.2251390662185936,0.6249616049035213
-6.7192510113668735,9.581535629010148,3.465201225212911,5.546113677401318,1.5721059792686152,3.4936745380283996,6.028504629973098,5.021527375566506,3.9290379394230195,4.926388032562957,2.1476546638323226,7.974236200458249,1.3179788063611835,7.133677928914133,1.7311240686678977,3.816644147154426,1.9306202630965277,3.941412264666382,2.605777599919635,2.940034466509905,0.412924162998476,1.0525170328924096
-6.622652132828421,9.861857149184278,3.8196238610391937,6.044233815659018,2.616938913960933,3.4829880472909895,6.816614627395603,4.642882626490848,4.472485520873909,5.716898114235256,1.9457135065010538,7.700213212457139,2.0686247383542535,6.508169194678367,3.082685900462165,4.947772887388881,3.5905441673702083,4.705204900668712,3.488443043571026,2.293758728632107,1.0509873922155515,1.4800724608813018
-6.526053254289968,10.142178669358406,4.1740464968654765,6.5423539539167175,3.6617718486532507,3.472301556553579,7.604724624818109,4.264237877415189,5.015933102324798,6.507408195907555,1.743772349169785,7.426190224456029,2.819270670347324,5.882660460442602,4.4342477322564315,6.078901627623336,5.250468071643889,5.468997536671043,4.371108487222417,1.647482990754309,1.6890506214326269,1.9076278888701939
-6.429454375751515,10.422500189532537,4.528469132691759,7.040474092174417,4.706604783345568,3.461615065816169,8.392834622240615,3.8855931283395306,5.559380683775688,7.297918277579855,1.541831191838516,7.152167236454918,3.5699166023403937,5.257151726206836,5.785809564050699,7.210030367857791,6.91039197591757,6.232790172673373,5.253773930873807,1.0012072528765108,2.3271138506497024,2.3351833168590863
-6.332855497213062,10.704367686820936,4.87452744905826,7.5343632502284805,5.7350179377493165,3.4525397641148734,9.155884558948804,3.5168961232672413,6.1000314117156655,8.068883771474622,1.3657799066456673,6.907768378571755,4.309445567173186,4.6561005299965705,7.100526732416142,8.3290105939157,8.5323090662346,6.97510690744084,6.108304464236738,0.3857995356439899,2.967195788421027,2.7591810477813628
-6.236256618674609,11.091361627879337,4.651812042161332,7.740545754436186,5.646886032533655,3.5530253168690344,8.214850367088703,3.8246457104220175,6.45049610091424,7.510817296501223,2.9502399268600668,8.677810368702914,4.293020765109416,5.718161919515266,5.909806787629163,8.621891855971096,7.569762807507251,6.257062358242047,5.04966109799017,1.8694172222839749,3.7445499078808817,2.941255378174515
-6.1396577401361565,11.478355568937737,4.429096635264404,7.946728258643891,5.558754127317994,3.653510869623196,7.2738161752286,4.132395297576794,6.800960790112815,6.9527508215278235,4.534699947074467,10.447852358834075,4.276595963045645,6.780223309033961,4.719086842842184,8.91477311802649,6.6072165487799035,5.539017809043254,3.9910177317436024,3.3530349089239597,4.521904027340737,3.1233297085676672
-6.043058861597704,11.865349509996138,4.2063812283674755,8.152910762851597,5.470622222102333,3.753996422377357,6.332781983368497,4.44014488473157,7.151425479311389,6.394684346554425,6.119159967288866,12.217894348965235,4.260171160981875,7.842284698552657,3.528366898055206,9.207654380081886,5.644670290052556,4.820973259844461,2.9323743654970347,4.836652595563945,5.299258146800591,3.3054040389608197
-5.946459983059251,12.25234345105454,3.9836658214705474,8.359093267059302,5.382490316886672,3.854481975131518,5.391747791508394,4.7478944718863465,7.501890168509964,5.836617871581026,7.7036199875032665,13.987936339096393,4.243746358918104,8.904346088071353,2.3376469532682274,9.500535642137281,4.682124031325207,4.102928710645667,1.8737309992504665,6.32027028220393,6.076612266260446,3.4874783693539717
-5.849861104520798,12.63933739211294,3.7609504145736192,8.565275771267007,5.294358411671011,3.954967527885679,4.450713599648291,5.055644059041123,7.852354857708539,5.278551396607627,9.288080007717666,15.757978329227553,4.227321556854333,9.966407477590046,1.1469270084812484,9.793416904192675,3.7195777725978605,3.384884161446874,0.8150876330038992,7.803887968843915,6.853966385720301,3.669552699747124
-5.753262225982345,12.792817345321355,4.319864501739864,8.298242817088434,5.255857302784007,4.732520104958261,5.680093160128221,5.515174717418861,7.40339418678218,5.716367365824687,8.962912493333477,14.452701652228283,3.658293123347402,10.380372438207516,2.240508154754587,9.721559335725376,3.8772649020772194,3.931420183113953,2.515175119600422,8.101560923408096,6.3831485403543855,4.6418009241535385
-5.656663347443894,12.935683026354774,4.914307202272583,8.009700069346868,5.219612139184669,5.540848455863464,7.008127891168974,5.981604515397629,6.91809599948654,6.1994507188685475,8.550943727376689,13.007637763086837,3.0641463429567177,10.764878470238576,3.437921168803307,9.633122729507058,4.085871731020484,4.535437139820343,4.340659463144244,8.345327299241589,5.855595605678254,5.649966143742333
-5.560064468905441,13.078548707388194,5.508749902805313,7.721157321605295,5.18336697558533,6.349176806768682,8.336162622209752,6.448034313376407,6.4327978121908895,6.682534071912418,8.138974961419894,11.562573873945363,2.4699995625660227,11.149384502269646,4.635334182852049,9.544686123288736,4.294478559963752,5.139454096526744,6.1661438066881,8.589093675075086,5.3280426710021125,6.658131363331146
-5.463465590366988,13.221414388421616,6.103192603338043,7.432614573863723,5.147121811985992,7.157505157673899,9.664197353250529,6.914464111355184,5.94749962489524,7.165617424956287,7.727006195463098,10.117509984803888,1.8758527821753277,11.533890534300713,5.83274719690079,9.456249517070416,4.50308538890702,5.743471053233144,7.991628150231957,8.832860050908582,4.8004897363259715,7.6662965829199585
-5.366866711828536,13.364280069455038,6.697635303870772,7.1440718261221505,5.110876648386653,7.9658335085791165,10.992232084291306,7.380893909333961,5.46220143759959,7.648700778000157,7.315037429506303,8.672446095662416,1.2817060017846322,11.918396566331781,7.030160210949534,9.367812910852095,4.711692217850288,6.3474880099395445,9.817112493775813,9.076626426742079,4.272936801649831,8.674461802508771
-5.270267833290083,12.68894226434919,7.462039023771939,7.012238946147653,5.979776228173854,7.356150221465974,10.78655434080417,8.217407535339813,6.145988936012088,7.884659543818313,7.3437970068682485,8.686177885170704,2.745741448629797,10.987785967436986,7.219366595176824,9.2578793651796,5.054578721443823,7.030606283212744,9.506734393947653,9.817394723783925,4.447806804186543,9.191170238835689
-5.17366895475163,11.921226646292155,8.245631891021151,6.8980991157597575,6.950869569311127,6.586368846189501,10.407715511483271,9.095704819348711,6.961769979585156,8.092717146562604,7.422316235895203,8.864612412591027,4.44215230822735,9.908694458598978,7.294743198617846,9.145518745697762,5.4126258334656105,7.722655350291869,8.95521053438399,10.614276140962186,4.701982622215013,9.652391618987885
-5.077070076213177,11.153511028235119,9.029224758270363,6.7839592853718615,7.9219629104484,5.816587470913028,10.028876682162373,9.974002103357611,7.7775510231582246,8.300774749306894,7.500835464922157,9.043046940011351,6.138563167824904,8.82960294976097,7.370119802058867,9.033158126215925,5.770672945487398,8.414704417370995,8.40368667482033,11.411157558140447,4.956158440243483,10.113612999140082
-4.980471197674724,10.385795410178085,9.812817625519575,6.669819454983966,8.893056251585673,5.046806095636555,9.650037852841475,10.85229938736651,8.593332066731293,8.508832352051185,7.579354693949112,9.221481467431676,7.834974027422456,7.750511440922962,7.445496405499889,8.920797506734088,6.128720057509186,9.10675348445012,7.852162815256669,12.208038975318708,5.210334258271954,10.57483437929228
-4.883872319136271,9.61807979212105,10.596410492768786,6.55567962459607,9.864149592722946,4.277024720360082,9.271199023520577,11.73059667137541,9.40911311030436,8.716889954795475,7.657873922976066,9.399915994852,9.53138488702001,6.671419932084953,7.520873008940911,8.80843688725225,6.486767169530974,9.798802551529246,7.300638955693008,13.004920392496967,5.4645100763004235,11.036055759444478
-4.787273440597819,9.582015567659312,10.008607030198286,6.110031920126484,9.36608012677811,4.557172398272739,9.845522526860217,11.352707860854256,8.353408506582891,8.588992842215413,7.287762778067354,8.302979336925805,8.995187839543565,6.103162352030135,8.491621156025786,8.7667119021408,5.983196493691509,9.99987501719625,7.408368284866523,11.520219135828976,5.935162627145846,10.958606055955048
-4.690674562059366,9.68471281439664,9.16071116024826,5.6015120326414225,8.589376335352263,5.036444551790174,10.600618196738871,10.736576859991263,6.9427669697539365,8.397380180177302,6.832566562239833,6.964161936951202,8.035565154518725,5.631787068813481,9.632181147594792,8.738383330444417,5.316215547740475,10.107831230871325,7.641128391214293,9.602803923776474,6.446871110077232,10.77899459522327
-4.594075683520913,9.78741006113397,8.312815290298234,5.092992145156361,7.812672543926416,5.515716705307609,11.355713866617524,10.12044585912827,5.532125432924982,8.205767518139192,6.377370346412312,5.625344536976598,7.075942469493885,5.160411785596828,10.772741139163799,8.710054758748036,4.649234601789441,10.2157874445464,7.873888497562064,7.685388711723974,6.958579593008617,10.599383134491495
-4.49747680498246,9.8901073078713,7.464919420348208,4.584472257671299,7.03596875250057,5.994988858825043,12.110809536496179,9.504314858265278,4.121483896096028,8.014154856101081,5.922174130584791,4.286527137001994,6.116319784469045,4.689036502380174,11.913301130732805,8.681726187051655,3.982253655838407,10.323743658221478,8.106648603909836,5.767973499671473,7.470288075940001,10.419771673759717
-4.400877926444007,9.99280455460863,6.617023550398182,4.075952370186238,6.259264961074724,6.474261012342478,12.865905206374833,8.888183857402286,2.7108423592670743,7.822542194062971,5.46697791475727,2.947709737027391,5.156697099444206,4.217661219163521,13.05386112230181,8.653397615355273,3.315272709887373,10.431699871896553,8.339408710257606,3.8505582876189717,7.981996558871386,10.24016021302794
-4.304279047905556,9.878763868337368,7.4076768894308795,4.768411037806722,6.012282257566479,6.611233174372454,12.472013141696532,8.63197806923548,2.955806925586597,6.994594702885673,5.5540657435617,3.427611031395489,5.305552375787509,3.895309358144375,12.58808202265446,8.559415502290694,3.708529287755855,10.522755604924141,8.23398168906846,3.56588631804353,7.307533682278701,10.234774081282664
-4.207680169367103,9.704518200674846,8.653482786514207,5.794474859623099,5.912444300701961,6.653122005433724,11.758957817419171,8.475751506817573,3.660662076113889,5.989887536947527,5.791788029208293,4.412711963080854,5.762318196955203,3.6143528921800723,11.676097619891586,8.447196294401618,4.396296288907452,10.6091167599941,8.034613799119086,3.7347541380448988,6.303578761373863,10.277783874255846
-4.1110812908286505,9.530272533012324,9.899288683597534,6.820538681439476,5.812606343837442,6.695010836494994,11.04590249314181,8.319524944399669,4.365517226641181,4.98518037100938,6.029510314854885,5.397812894766219,6.219084018122896,3.33339642621577,10.764113217128711,8.334977086512543,5.084063290059048,10.695477915064057,7.835245909169712,3.9036219580462674,5.299623840469026,10.320793667229026
-4.014482412290198,9.356026865349802,11.145094580680862,7.846602503255854,5.7127683869729236,6.736899667556265,10.332847168864449,8.163298381981765,5.070372377168473,3.9804732050712337,6.267232600501478,6.382913826451585,6.6758498392905885,3.0524399602514674,9.852128814365837,8.222757878623469,5.7718302912106445,10.781839070134014,7.635878019220339,4.072489778047636,4.295668919564189,10.363803460202208
-3.917883533751745,9.18178119768728,12.390900477764188,8.872666325072231,5.612930430108405,6.778788498617534,9.619791844587088,8.00707181956386,5.775227527695765,2.975766039133087,6.50495488614807,7.368014758136949,7.132615660458282,2.7714834942871645,8.940144411602962,8.110538670734394,6.459597292362242,10.868200225203973,7.436510129270966,4.241357598049005,3.291713998659352,10.406813253175388
-3.821284655213292,10.319256757938454,13.316337386722964,9.008649716783994,5.844887518063634,6.6700649658361675,8.554272360866124,8.283413482077478,6.544433287332937,2.975529190128313,6.932234834802258,8.155487592069528,6.844363249449802,2.83230217922311,8.635017680277183,7.717000978645548,6.43870209374471,11.3621041254324,7.533013957545194,4.500455646616544,3.492303844680687,10.62039084011767
-3.724685776674839,11.955186384796797,14.120034080194419,8.806402545056025,6.202926723050358,6.5041087347946025,7.354816496556602,8.724131070065063,7.33809227843186,3.3569910615581935,7.431546695399325,8.867861748856054,6.273003910214394,3.022995421501141,8.560496864097482,7.216562262560798,6.148515259214928,12.010874268821036,7.741949038744382,4.793841182039224,4.150620702133935,10.898784188768204
-3.6280868981363863,13.59111601165514,14.923730773665872,8.604155373328057,6.560965928037081,6.338152503753037,6.155360632247078,9.164848658052648,8.131751269530785,3.738452932988074,7.930858555996393,9.580235905642578,5.701644570978987,3.213688663779172,8.485976047917783,6.716123546476046,5.858328424685148,12.659644412209673,7.95088411994357,5.087226717461904,4.808937559587184,11.17717753741874
-3.5314880195979335,15.227045638513484,15.727427467137327,8.40190820160009,6.919005133023805,6.172196272711472,4.955904767937556,9.605566246040233,8.925410260629707,4.119914804417955,8.43017041659346,10.292610062429103,5.13028523174358,3.404381906057203,8.411455231738083,6.215684830391296,5.568141590155366,13.308414555598308,8.159819201142758,5.3806122528845854,5.467254417040432,11.455570886069275
-3.4348891410594806,16.862975265371826,16.53112416060878,8.199661029872122,7.277044338010529,6.006240041669906,3.7564489036280326,10.046283834027818,9.71906925172863,4.501376675847835,8.929482277190527,11.004984219215629,4.558925892508173,3.5950751483352343,8.336934415558384,5.715246114306545,5.2779547556255855,13.957184698986943,8.368754282341946,5.673997788307266,6.12557127449368,11.73396423471981
-3.338290262521028,16.834720223544288,16.182353957126747,8.458480762731366,7.637945965033148,6.361978453053297,3.714140722842026,10.669217864090776,10.178995375518314,4.888303759665194,9.170116887452847,11.58990341609997,5.258624605794905,4.8195239635690506,7.578936050085321,5.523601294129064,6.237674193218937,13.39860692331582,8.38366096824632,6.602898020282948,7.07927281498211,10.858161819708545
-3.241691383982575,15.974372847373948,15.257350305168066,8.947833947884178,8.000278803073716,6.978564185649121,4.250406383817678,11.383260115191407,10.472055065653404,5.2779634496762915,9.281412872547817,12.11109513303323,6.593852345342599,6.560850565280671,6.479198909965636,5.486353421905193,7.822346766873748,12.236355188114919,8.301553456503305,7.849555600535078,8.180666696988105,9.405261522866478
-3.145092505444122,15.114025471203611,14.332346653209386,9.437187133036987,8.362611641114283,7.595149918244946,4.786672044793329,12.097302366292036,10.765114755788494,5.6676231396873895,9.392708857642784,12.63228684996649,7.929080084890291,8.302177166992292,5.3794617698459515,5.44910554968132,9.407019340528558,11.074103452914018,8.219445944760288,9.096213180787208,9.282060578994098,7.952361226024412
-3.0484936269056693,14.253678095033273,13.407343001250705,9.926540318189799,8.72494447915485,8.211735650840769,5.322937705768981,12.811344617392667,11.058174445923584,6.057282829698487,9.504004842737753,13.153478566899752,9.264307824437985,10.043503768703912,4.279724629726267,5.411857677457449,10.99169191418337,9.911851717713118,8.137338433017273,10.342870761039338,10.383454461000092,6.499460929182346
-2.951894748367218,13.39333071886295,12.482339349292044,10.415893503342602,9.08727731719541,8.828321383436583,5.859203366744623,13.525386868493284,11.351234136058668,6.446942519709577,9.61530082783272,13.674670283833002,10.599535563985654,11.7848303704155,3.179987489606603,5.374609805233577,12.57636448783815,8.749599982512239,8.055230921274259,11.589528341291444,11.484848343006067,5.046560632340307
-2.8552958698287654,13.068224532556398,12.135574914178887,10.311070212992341,10.144848044566853,9.464808375271625,6.996597567650059,13.885082885253171,11.377485565032881,7.304945567364325,10.582416837521922,14.147459165324735,11.288034123888659,12.622996928831462,3.4370431983964673,5.6434666968823635,13.764992786695526,8.537637823276196,8.060172008424638,12.302765080075106,11.946387181759263,4.925484766603431
-2.7586969912903125,13.087201968305092,12.16053568989495,9.8242763312473,11.649357415079516,10.114089033760447,8.520431544224593,14.016984894222613,11.23221739754655,8.464026487789953,12.099702863021633,14.589131938318346,11.56077821116299,12.880560602271716,4.566322881485215,6.109105222449262,14.699021194611722,8.936576105731769,8.121072909149337,12.673088420771938,11.996590635564285,5.66058174943407
-2.6620981127518597,13.106179404053785,12.18549646561101,9.337482449502257,13.153866785592179,10.76336969224927,10.044265520799126,14.148886903192054,11.08694923006022,9.623107408215581,13.616988888521345,15.030804711311957,11.83352229843732,13.13812427571197,5.695602564573964,6.57474374801616,15.63304960252792,9.335514388187342,8.181973809874037,13.043411761468771,12.046794089369307,6.395678732264708
-2.565499234213407,13.125156839802479,12.210457241327072,8.850688567757215,14.65837615610484,11.412650350738092,11.568099497373659,14.280788912161494,10.941681062573892,10.782188328641208,15.134274914021056,15.472477484305568,12.10626638571165,13.395687949152224,6.8248822476627105,7.040382273583058,16.567078010444117,9.734452670642916,8.242874710598736,13.413735102165605,12.096997543174329,7.130775715095346
-2.468900355674954,13.144134275551172,12.235418017043134,8.363894686012173,16.1628855266175,12.061931009226914,13.091933473948194,14.412690921130935,10.796412895087562,11.941269249066837,16.651560939520763,15.914150257299179,12.37901047298598,13.653251622592478,7.954161930751459,7.506020799149956,17.501106418360315,10.13339095309849,8.303775611323434,13.784058442862438,12.147200996979349,7.865872697925985
-2.372301477136501,12.82299432508583,12.027442430959923,7.932909202232439,15.950582271474666,12.276188001945997,13.124628932153746,13.913354233190457,10.331049993256306,11.584133623622334,16.752547423798465,15.077888658038475,12.295033922804937,13.474813887283606,8.170495912918755,8.47494162031555,17.225210494567733,10.123782820591245,8.30051482882619,12.993245435086282,11.474387504215827,8.257999125060378
-2.2757025985980484,12.224390191130098,11.629439812882577,7.54745162205598,14.33772134803397,12.135557267326618,11.940869283268857,12.899059660928748,9.604557176564724,9.99008450023119,15.698131650763512,13.199101649833498,11.920048431541886,12.940690792205721,7.642058402229104,9.854434840522169,15.962271037012759,9.780886823245922,8.244911620542625,11.255189616713775,10.211744397146408,8.37033378307416
-2.1791037200595955,11.625786057174366,11.23143719480523,7.16199404187952,12.724860424593274,11.99492653270724,10.757109634383966,11.884765088667038,8.878064359873141,8.396035376840043,14.643715877728559,11.32031464162852,11.545062940278836,12.406567697127839,7.113620891539453,11.233928060728788,14.699331579457786,9.4379908259006,8.189308412259061,9.517133798341268,8.949101290076989,8.482668441087942
-2.0825048415211427,11.027181923218636,10.833434576727884,6.776536461703061,11.111999501152578,11.854295798087861,9.573349985499078,10.870470516405328,8.15157154318156,6.8019862534488995,13.589300104693606,9.441527633423544,11.170077449015785,11.872444602049955,6.585183380849802,12.613421280935407,13.436392121902813,9.095094828555279,8.133705203975497,7.779077979968762,7.686458183007571,8.595003099101724
-1.9859059629826898,10.428577789262905,10.435431958650538,6.391078881526601,9.499138577711882,11.713665063468484,8.389590336614187,9.856175944143619,7.4250787264899785,5.207937130057755,12.534884331658652,7.5627406252185665,10.795091957752735,11.338321506972072,6.056745870160151,13.992914501142026,12.173452664347838,8.752198831209956,8.078101995691933,6.041022161596255,6.423815075938152,8.707337757115507
-1.889307084444237,10.25203378289341,10.134287892560458,6.664747872743125,8.935701210885988,11.367634960431797,7.809110479181474,9.091831103134863,7.487411444957841,4.811579604372946,12.165014135708518,6.703202759767008,10.948554451114102,10.914865430183406,6.00993344914324,14.26904738950446,11.470576795719547,8.81596808934838,8.144768169174707,5.391045243755045,6.02361017077308,8.899845880235024
-1.7927082059057842,10.509963437274406,9.93285115939844,7.616929510981764,9.452552799398747,10.810164331083195,7.849653936478873,8.584787456062942,8.361770449619161,5.648139899856295,12.499823210286799,6.892891953032093,11.6460075168829,10.605331283986567,6.458911561612919,13.409368171556823,11.344236974515717,9.298363345778844,8.337299882711054,5.861149547048871,6.511209296980034,9.17488551155161
-1.6961093273673313,10.767893091655402,9.731414426236421,8.569111149220403,9.969404387911506,10.252693701734593,7.890197393776273,8.07774380899102,9.23612945428048,6.4847001953396415,12.834632284865078,7.082581146297178,12.343460582651698,10.29579713778973,6.907889674082599,12.549688953609186,11.217897153311887,9.78075860220931,8.529831596247401,6.3312538503427,6.99880842318699,9.449925142868196
-1.5995104488288785,11.025822746036397,9.529977693074404,9.521292787459043,10.486255976424266,9.695223072385991,7.930740851073672,7.5707001619191,10.1104884589418,7.32126049082299,13.169441359443358,7.272270339562263,13.040913648420496,9.986262991592893,7.356867786552279,11.690009735661551,11.091557332108058,10.263153858639775,8.722363309783749,6.801358153636526,7.4864075493939435,9.724964774184782
-1.5029115702904274,11.283752400417388,9.328540959912388,10.473474425697663,11.003107564937014,9.1377524430374,7.971284308371071,7.063656514847188,10.984847463603105,8.157820786306322,13.504250434021632,7.461959532827345,13.738366714189281,9.676728845396061,7.80584589902195,10.830330517713929,10.96521751090423,10.745549115070233,8.914895023320092,7.271462456930346,7.97400667560089,10.000004405501363
-1.4063126917519746,11.2312987745662,8.930129108982237,10.937433400690837,10.969753616686639,8.66724289315238,7.913881997634586,6.631959382742176,11.290286562303999,9.053582122850068,13.492334924627057,7.754049246220397,14.27011449533662,9.582032683431882,8.145602042062016,10.392850734850096,11.01444243650245,11.109563603590983,9.295168456405678,8.019348888894344,8.603192990878327,9.813150818523322
-1.3097138132135218,10.775346884413215,8.27564960495354,10.766702913464977,10.221132470644262,8.309782746570004,7.729150188454067,6.298212720094137,10.856129783256419,10.026304812772326,13.02967745606782,8.179259635779792,14.586445406476084,9.766625900970125,8.343369624843598,10.50423021759515,11.291901532943308,11.319683093829118,9.919506124905253,9.128352088129528,9.416442651947374,9.025836047762331
-1.213114934675069,10.31939499426023,7.62117010092484,10.595972426239115,9.472511324601884,7.952322599987628,7.544418379273547,5.964466057446097,10.42197300420884,10.999027502694583,12.567019987508582,8.604470025339188,14.90277631761555,9.951219118508368,8.541137207625182,10.615609700340206,11.569360629384168,11.529802584067255,10.543843793404825,10.23735528736471,10.229692313016422,8.23852127700134
-1.116516056136616,9.863443104107246,6.966690596896142,10.425241939013253,8.723890178559508,7.594862453405253,7.359686570093028,5.6307193947980565,9.98781622516126,11.97175019261684,12.104362518949344,9.029680414898582,15.219107228755014,10.135812336046612,8.738904790406766,10.72698918308526,11.846819725825025,11.73992207430539,11.1681814619044,11.346358486599893,11.042941974085467,7.45120650624035
-1.0199171775981632,9.40749121395426,6.312211092867443,10.25451145178739,7.975269032517131,7.237402306822878,7.174954760912509,5.296972732150016,9.55365944611368,12.944472882539097,11.641705050390106,9.454890804457978,15.535438139894477,10.320405553584855,8.936672373188348,10.838368665830314,12.124278822265884,11.950041564543525,11.792519130403972,12.455361685835078,11.856191635154515,6.663891735479359
-0.9233182990597104,8.910656677617702,6.101583906889321,9.98661508897635,7.7732975078207485,6.891039972619833,7.308497835013217,5.361428249681298,9.376611732518203,13.084367143640849,11.244474536739713,9.708535649036367,15.582011280156742,10.155719739068937,8.90257402117714,10.484425812558772,12.085797794107547,11.725950362209227,12.273886399511502,12.95039276497644,11.76438540030607,6.340952168241809
-0.8267194205212576,8.346208534131398,6.625020169994712,9.5580213165437,8.475400356888738,6.563031712736448,7.968418600694325,6.084448911355189,9.624782857939586,11.846891310924313,10.955450140823157,9.678437476915452,15.18244656858371,9.413380140771237,8.485005084700996,9.360911403567608,11.524800406035247,10.783741476005257,12.518802623470695,12.430008414732049,10.175755952978957,6.786017745292891
-0.7301205419828047,7.781760390645093,7.148456433100104,9.129427544111048,9.177503205956729,6.2350234528530635,8.628339366375434,6.8074695730290795,9.87295398336097,10.609415478207778,10.6664257449066,9.648339304794536,14.78288185701068,8.671040542473534,8.067436148224852,8.237396994576441,10.963803017962947,9.841532589801288,12.763718847429885,11.909624064487657,8.587126505651845,7.231083322343974
-0.6335216634443519,7.217312247158789,7.671892696205495,8.700833771678397,9.879606055024718,5.907015192969679,9.288260132056543,7.53049023470297,10.121125108782353,9.371939645491242,10.377401348990045,9.61824113267362,14.383317145437651,7.928700944175834,7.649867211748708,7.1138825855852765,10.402805629890647,8.899323703597318,13.008635071389076,11.389239714243264,6.998497058324733,7.676148899395056
-0.5369227849058991,6.652864103672485,8.195328959310887,8.272239999245745,10.581708904092707,5.579006933086294,9.94818089773765,8.253510896376861,10.369296234203738,8.134463812774705,10.088376953073489,9.588142960552705,13.983752433864622,7.186361345878133,7.232298275272564,5.990368176594111,9.841808241818349,7.957114817393348,13.253551295348268,10.868855363998872,5.409867610997621,8.121214476446138
-0.4403239063674462,6.599597111130876,8.278357297272283,8.051426950056975,10.93967556151658,5.665363490693829,10.271452744239427,8.508118937418846,10.581255640822652,7.18791833728349,9.6092423860766,9.10150163933074,13.45495605894017,6.996582515598606,7.095571822010896,5.299143732776207,9.577108757818038,7.492657337883619,13.317951361036817,9.984530777534408,4.378241458169892,8.30108235970796
-0.3437250278289934,7.638398941061926,7.42051415878978,8.274509082343721,10.562442173155365,6.636953976577335,9.87552008158543,7.762027288929124,10.715853648181758,6.862905897682672,8.723963362680857,7.639518135938448,12.650073857764973,7.987274416994154,7.558827037434642,5.531447850919274,9.945409341607832,8.048850590856942,12.996703270419939,8.322697504599864,4.536576889045283,7.914391533510958
-0.24712614929054055,8.677200770992975,6.562671020307278,8.497591214630468,10.18520878479415,7.60854446246084,9.479587418931432,7.015935640439402,10.850451655540864,6.537893458081853,7.838684339285116,6.1775346325461555,11.845191656589776,8.977966318389704,8.022082252858388,5.7637519690623416,10.313709925397625,8.605043843830266,12.675455179803059,6.660864231665322,4.6949123199206735,7.527700707313956
-0.1505272707520895,9.716002600924005,5.704827881824791,8.72067334691721,9.80797539643294,8.580134948344327,9.083654756277442,6.269843991949694,10.985049662899968,6.21288101848104,6.953405315889391,4.71555112915389,11.040309455414596,9.968658219785233,8.485337468282125,5.996056087205404,10.682010509187409,9.16123709680358,12.354207089186186,4.999030958730809,4.853247750796061,7.141009881116961
-0.053928392213636656,10.754804430855053,4.846984743342288,8.943755479203956,9.430742008071727,9.551725434227833,8.687722093623444,5.523752343459972,11.119647670259074,5.887868578880222,6.068126292493648,3.2535676257615975,10.235427254239399,10.959350121180783,8.948592683705872,6.228360205348471,11.050311092977202,9.717430349776903,12.032958998569308,3.3371976857962657,5.011583181671453,6.754319054919959
0.04267048632481618,11.51062321867847,4.475739584167682,9.132906256410546,9.121210784674728,10.315509002248552,8.688322489813663,5.138084463459209,11.395217443436964,5.964045697423379,5.455416663141246,2.5705682031239503,9.410604592072138,11.396501516787218,9.342472207893351,6.517849056579034,11.101273536667327,10.382710128566183,11.494388588462575,2.1400912325532406,5.515987505804602,6.5466720286179
0.13926936486326902,11.464656720530336,5.4831886996986405,9.22591819422337,9.003502362009657,10.49050630299144,9.81243321939572,5.773617260843725,12.070207219768037,7.176926564041016,5.61498698357823,4.094690342624237,8.529283957094028,10.265288145991322,9.539787273578096,6.9693613182241485,10.25311125007515,11.357068397167303,10.340071606467987,2.259710768436045,7.000920360834634,6.846315768684795
0.23586824340172186,11.418690222382201,6.490637815229599,9.318930132036193,8.885793939344586,10.665503603734326,10.936543948977775,6.409150058228241,12.74519699609911,8.389807430658653,5.774557304015212,5.6188124821245236,7.647963322115919,9.134074775195426,9.737102339262838,7.420873579869263,9.404948963482973,12.331426665768426,9.185754624473397,2.3793303043188496,8.485853215864665,7.145959508751687
0.3324671219401747,11.372723724234067,7.498086930760557,9.411942069849019,8.768085516679516,10.840500904477214,12.06065467855983,7.044682855612757,13.420186772430183,9.60268829727629,5.934127624452195,7.1429346216248115,6.766642687137809,8.00286140439953,9.934417404947583,7.872385841514378,8.556786676890797,13.305784934369548,8.031437642478807,2.498949840201654,9.970786070894697,7.445603248818582
0.42906600047862753,11.326757226085933,8.505536046291516,9.504954007661842,8.650377094014445,11.015498205220101,13.184765408141885,7.680215652997273,14.095176548761255,10.815569163893926,6.093697944889177,8.667056761125098,5.885322052159699,6.871648033603633,10.131732470632327,8.323898103159493,7.7086243902986205,14.28014320297067,6.877120660484218,2.6185693760844586,11.455718925924728,7.745246988885476
0.5256648790170804,11.453922069516796,9.551999524496527,9.695091400571345,8.54480031040915,11.06597564955648,13.913301305692972,8.296530103930849,14.543539740364299,11.520461578966394,6.389829284698986,10.041691468052592,5.386115166294984,6.088117342429541,10.22736797757675,8.483614232522836,6.968345108930653,14.700629742942397,6.207334605606741,2.973466847530967,12.456458656757402,7.96377518118194
0.6222637575555332,12.261245754864998,10.751733713206706,10.266793081360577,8.48688353739581,10.627267943724535,13.08779322026559,8.837343908092887,14.10158420625028,10.229685077254704,7.222450343473353,10.829054118444237,6.388069437661137,6.670482892626522,9.92354807518428,7.496988413636611,6.651891919514845,12.945191634727683,7.44106290726036,4.252670494406111,11.555011113958011,7.863635150094642
0.718862636093986,13.0685694402132,11.951467901916885,10.838494762149809,8.428966764382473,10.188560237892592,12.262285134838208,9.378157712254925,13.659628672136261,8.938908575543012,8.055071402247721,11.616416768835881,7.3900237090272896,7.252848442823503,9.619728172791811,6.5103625947503865,6.335438730099036,11.18975352651297,8.674791208913978,5.5318741412812535,10.65356357115862,7.763495119007345
0.8154615146324389,13.8758931255614,13.151202090627065,11.41019644293904,8.371049991369134,9.749852532060647,11.436777049410825,9.918971516416962,13.217673138022242,7.648132073831321,8.887692461022088,12.403779419227526,8.391977980393442,7.835213993020485,9.315908270399342,5.523736775864163,6.018985540683228,9.434315418298258,9.908519510567597,6.811077788156398,9.752116028359229,7.663355087920047
0.9120603931708917,14.683216810909602,14.350936279337244,11.981898123728271,8.313133218355794,9.311144826228702,10.611268963983445,10.459785320579,12.775717603908223,6.35735557211963,9.720313519796456,13.191142069619172,9.393932251759596,8.417579543217466,9.012088368006873,4.537110956977938,5.702532351267419,7.678877310083545,11.142247812221216,8.09028143503154,8.850668485559837,7.56321505683275
1.0086592717093446,15.402840332861961,15.295296925895713,12.437699027045024,8.22738522293944,8.812663410206014,9.824861115640047,10.70294698674419,12.165125398001031,5.418843573078133,10.404295664741253,13.881284208997895,10.22051147280233,8.888173370495156,8.794971041953831,3.609533837194695,5.476999902542098,6.3452474938533685,12.11287991385543,9.181914326923643,8.17336203361261,7.387993011940306
1.1052581502477974,15.605032890778903,14.73295367375928,12.209685343274241,7.977433015345294,7.961517104057977,9.269144666092135,9.189961038728198,10.559576828514246,6.558692139790523,10.211308218091714,13.997825333400458,10.012377896937036,8.699314032549118,9.08939891630333,3.030344042118996,5.787899823890582,7.50028660033165,11.531244435375347,9.166879764415938,8.818488017692996,6.769787085597554
1.2018570287862484,15.807225448695842,14.170610421622857,11.981671659503464,7.727480807751155,7.110370797909956,8.713428216544232,7.676975090712235,8.954028259027492,7.698540706502892,10.018320771442179,14.114366457803019,9.804244321071742,8.510454694603084,9.383826790652822,2.4511542470433083,6.09879974523906,8.65532570680991,10.949608956895275,9.151845201908234,9.463614001773369,6.151581159254814
1.2984559073247013,16.009418006612783,13.608267169486425,11.753657975732681,7.47752860015701,6.25922449176192,8.157711766996318,6.163989142696242,7.348479689540707,8.838389273215281,9.82533332479264,14.230907582205583,9.596110745206447,8.321595356657046,9.678254665002322,1.8719644519676095,6.409699666587544,9.810364813288192,10.367973478415195,9.136810639400531,10.108739985853754,5.533375232912062
1.3950547858631541,16.211610564529728,13.045923917349992,11.525644291961898,7.227576392562866,5.408078185613883,7.601995317448404,4.651003194680251,5.742931120053923,9.978237839927672,9.6323458781431,14.347448706608146,9.38797716934115,8.132736018711007,9.97268253935182,1.2927746568919107,6.720599587936029,10.965403919766473,9.786337999935112,9.121776076892827,10.75386596993414,4.915169306569309
1.4916536644016087,16.32626898582478,12.388863254161322,11.232235854136535,7.010775702251997,4.790419290134234,7.19809646840218,3.3925146490413045,4.33888401978308,11.047739492386931,9.412051024956035,14.49526650110049,9.077070189422727,7.983637095478755,10.148648381262932,0.8420655899875245,6.991686448469354,12.01976052990335,9.244393583005055,9.187564183034558,11.300194355336915,4.305163695029796
1.5882525429400598,15.521818972590303,10.737269774924728,10.252182498738406,7.142065943415427,6.6243782066718015,8.388282424623139,4.806248828360544,5.050602346279093,11.37859854518837,8.905028403125112,14.971489331535349,7.687042466946985,8.252022526741126,9.080762882571427,1.7404041688814744,6.844736170443615,12.016950928455662,9.119205312350207,10.101990309995006,10.809147954625098,3.781261388924387
1.6848514214785144,14.7173689593558,9.085676295688074,9.27212914334024,7.273356184578862,8.458337123209438,9.57846838084414,6.2199830076798355,5.7623206727751315,11.709457597989818,8.39800578129417,15.447712161970223,6.297014744471191,8.520407958003505,8.012877383879886,2.6387427477754573,6.697785892417871,12.014141327007977,8.994017041695356,11.016416436955486,10.318101553913262,3.25735908281896
1.7814503000169655,13.912918946121327,7.43408281645148,8.292075787942112,7.404646425742293,10.292296039747004,10.7686543370651,7.633717186999076,6.474038999271144,12.040316650791256,7.890983159463248,15.923934992405082,4.906987021995448,8.788793389265875,6.944991885188381,3.5370813266694068,6.550835614392133,12.01133172556029,8.868828771040508,11.930842563915935,9.827055153201446,2.7334567767135516
1.8780491785554165,13.108468932886854,5.782489337214886,7.3120224325439835,7.535936666905723,12.126254956284573,11.958840293286057,9.047451366318315,7.185757325767156,12.371175703592694,7.3839605376323245,16.40015782283994,3.516959299519706,9.057178820528247,5.877106386496878,4.435419905563357,6.403885336366394,12.008522124112602,8.743640500385663,12.845268690876383,9.33600875248963,2.209554470608143
1.9746480570938711,12.319423027912995,4.198974814473007,6.396164819384106,7.673301758812849,13.901900579583723,13.099776829996813,10.419181094268415,7.8797733692510254,12.672703423419529,6.886439359352793,16.824952642667583,2.184908548427056,9.29531528464447,4.865387943826225,5.306563627884681,6.247875819087025,11.98492773472446,8.634603980399243,13.709086672021897,8.832429202167845,1.7237525574100172
2.071246935632322,12.046414749670161,4.896105334303538,7.630864571204427,8.014174350633393,13.724050879395694,12.590857813116113,10.383761701352133,7.980762931827883,11.991631488597827,6.707216540045153,15.52690910715491,2.795086338667582,8.520111349365648,5.7352658778533145,5.266679655022931,5.788381786811566,11.265042949331862,9.066651107804658,12.877531768367906,7.90898913991329,2.514313806605064
2.167845814170777,11.773406471427316,5.593235854134094,8.865564323024792,8.355046942453948,13.54620117920766,12.081938796235393,10.34834230843585,8.081752494404745,11.3105595537761,6.5279937207375065,14.228865571642189,3.4052641289081302,7.744907414086795,6.605143811880437,5.22679568216118,5.32888775453609,10.545158163939238,9.498698235210089,12.045976864713884,6.985549077658701,3.3048750558001396
2.264444692709228,11.500398193184482,6.290366373964624,10.100264074845112,8.69591953427449,13.368351479019633,11.573019779354695,10.312922915519568,8.182742056981603,10.629487618954396,6.348770901429867,12.930822036129515,4.015441919148657,6.96970347880797,7.475021745907526,5.18691170929943,4.8693937222606305,9.82527337854664,9.930745362615506,11.214421961059893,6.062109015404145,4.095436304995186
2.3610435712476825,11.22738991494164,6.98749689379518,11.33496382666548,9.036792126095044,13.1905017788316,11.064100762473975,10.277503522603286,8.283731619558463,9.94841568413267,6.16954808212222,11.632778500616793,4.6256197093892055,6.194499543529117,8.344899679934647,5.147027736437678,4.409899689985155,9.105388593154018,10.362792490020936,10.382867057405871,5.138668953149556,4.885997554190261
2.4576424497861336,10.954381636698805,7.684627413625711,12.569663578485798,9.377664717915588,13.01265207864357,10.555181745593277,10.242084129687004,8.384721182135321,9.267343749310967,5.99032526281458,10.334734965104118,5.235797499629731,5.419295608250294,9.214777613961736,5.1071437635759285,3.950405657709696,8.38550380776142,10.794839617426353,9.55131215375188,4.215228890895,5.6765588033853085
2.554241328324588,10.406771564210358,7.683950598217487,11.222414481592603,8.00666895802106,11.33601387001565,9.493983610232014,10.4032589996453,8.245938409889218,8.51752428584469,6.180293834585606,8.785021406501212,5.024159934410845,6.341781114663363,8.534300717473704,5.756202675361612,4.169537931853298,8.742163087215818,10.187601109635017,8.909460429050151,5.052463425498044,5.791721876337926
2.6508402068630392,9.850964423236995,7.662443713100666,9.79809228473794,6.584572650314247,9.614635705912022,8.416299531035571,10.570302355062529,8.099998254514084,7.765652657344276,6.381283044896275,7.227795309895679,4.787990567536487,7.3149439178432685,7.807544572313651,6.425827046390457,4.408927707681022,9.130958010396945,9.549339150046816,8.273271485809701,5.942255410753468,5.886723809701232
2.747439085401494,9.295157282263613,7.640936827983843,8.373770087883225,5.162476342607382,7.89325754180833,7.338615451839087,10.737345710479762,7.954058099138945,7.013781028843834,6.582272255206951,5.670569213290088,4.55182120066212,8.28810672102321,7.080788427153571,7.095451417419326,4.648317483508754,9.519752933578086,8.911077190458592,7.637082542569228,6.832047396008925,5.981725743064543
2.844037963939945,8.739350141290252,7.619429942867022,6.949447891028561,3.7403800349005696,6.171879377704702,6.260931372642642,10.90438906589699,7.808117943763811,6.26190940034342,6.78326146551762,4.113343116684556,4.315651833787761,9.261269524203115,6.3540322819935176,7.765075788448171,4.887707259336478,9.908547856759213,8.27281523087039,7.000893599328779,7.721839381264349,6.076727676427851
2.9406368424783995,8.183543000316869,7.597923057750199,5.525125694173846,2.3182837271937045,4.45050121360101,5.183247293446159,11.071432421314224,7.6621777883886715,5.510037771842978,6.984250675828297,2.5561170200789647,4.079482466913395,10.234432327383056,5.627276136833437,8.43470015947704,5.127097035164212,10.297342779940355,7.634553271282167,6.364704656088306,8.611631366519806,6.171729609791161
3.0372357210168506,9.150955503512959,8.221134889317645,5.681366181780058,2.4133885001917594,4.589201831084436,5.356373247179001,10.562102726730348,6.638511825506592,5.110288731623193,6.864861323014964,3.683378706255154,4.620673652742129,10.257871737923338,5.146453208773956,7.507625922544619,4.306386333450834,9.50789241418513,7.283039222267327,6.814749655267774,7.174634286903278,5.254249427417093
3.133834599555305,10.263436544248961,8.90574850342644,5.9881364488586675,2.6529886142092596,4.90505280871893,5.648623965952677,9.988356551194,5.531252928576236,4.744075176001533,6.714959726094595,5.066305895553328,5.235899176923521,10.190861301545606,4.68905249186688,6.42848515152069,3.384713681495466,8.606228211388375,6.9588344980689705,7.3682455061062475,5.516038248727574,4.240342376877576
3.2304334780937562,11.375917584984922,9.59036211753521,6.294906715937266,2.892588728226751,5.220903786353411,5.9408746847263405,9.414610375657672,4.42399403164592,4.377861620379886,6.565058129174231,6.449233084851452,5.85112470110489,10.123850865167876,4.231651774959821,5.349344380496801,2.4630410295401317,7.704564008591653,6.634629773870627,7.9217413569447,3.8574422105519295,3.2264353263380965
3.3270323566322073,12.488398625720883,10.27497573164398,6.601676983015864,3.1321888422442417,5.536754763987892,6.233125403500005,8.840864200121345,3.3167351347156044,4.011648064758239,6.415156532253866,7.832160274149574,6.466350225286261,10.056840428790148,3.7742510580527617,4.270203609472912,1.5413683775847975,6.802899805794931,6.310425049672283,8.475237207783154,2.1988461723762853,2.212528275798616
3.423631235170662,13.600879666456887,10.959589345752777,6.908447250094474,3.3717889562617414,5.852605741622384,6.525376122273681,8.267118024584997,2.209476237785248,3.645434509136579,6.265254935333497,9.215087463447748,7.081575749467653,9.989829992412416,3.316850341145686,3.1910628384489828,0.6196957256294295,5.9012356029981765,5.986220325473926,9.028733058621627,0.5402501342005799,1.1986212252590986
3.520230113709113,13.384565287811364,9.88344203361763,6.747371133151932,4.092377376035112,6.731311584475852,6.887025793465894,8.9118263302446,2.670058889829268,4.596824925548245,5.982160024508449,8.822602033119582,7.705749546474336,9.726358515177155,3.937029972365499,3.7547116184686766,1.286972728042855,6.054906699193276,6.68248967720507,8.223220967500836,1.3019690324032276,1.9083832787628814
3.6168289922475676,12.94303134655883,8.5088606661869,6.506999018917678,4.8944892374620395,7.705416557027475,7.260437998966349,9.763052344581478,3.3963773976316354,5.77153804908421,5.676489975733447,8.129199209634438,8.331439999892112,9.429588556440613,4.73985034055597,4.596799305444899,2.223563231196741,6.38744818504799,7.551720736720878,7.187368547234408,2.473910801178446,2.910292638036699
3.7134278707860187,12.501497405306312,7.134279298756219,6.266626904683431,5.696601098888936,8.679521529579063,7.633850204466791,10.614278358918325,4.122695905433976,6.946251172620132,5.370819926958456,7.435796386149319,8.957130453309864,9.132818597704084,5.54267070874641,5.4388869924210885,3.1601537343505925,6.7199896709026925,8.420951796236654,6.151516126968017,3.645852569953621,3.9122019973104805
3.8100267493244733,12.059963464053778,5.759697931325489,6.026254790449175,6.4987129603158635,9.653626502130685,8.007262409967247,11.465504373255204,4.849014413236343,8.120964296156096,5.065149878183453,6.742393562664175,9.58282090672764,8.836048638967542,6.345491076936881,6.2809746793973105,4.0967442375044785,7.052531156757406,9.29018285575246,5.115663706701589,4.817794338728839,4.914111356584298
3.9066256278629243,11.618429522801259,4.385116563894809,5.7858826762149285,7.3008248217427605,10.627731474682271,8.380674615467687,12.316730387592049,5.575332921038683,9.295677419692016,4.759479829408462,6.048990739179056,10.208511360145392,8.539278680231012,7.148311445127323,7.123062366373501,5.03333474065833,7.3850726426121085,10.159413915268235,4.079811286435199,5.989736107504014,5.916020715858079
4.003224506401379,11.691657662050092,4.770127337448881,6.187947936674997,8.02340376339253,10.588916302598028,7.696995706453907,11.231614102431971,5.179563686508268,9.351382519946789,4.895304861707051,5.781880232655352,9.83322391209346,8.351176521435923,6.919529257138305,6.435547766199284,4.623898161248696,6.762599660544261,9.349065712720007,3.7538823138843136,6.344385005651088,5.876575638885967
4.09982338493983,11.895916149062893,5.603034292344471,6.753542710693587,8.725737961826269,10.292266911879233,6.744239059200197,9.653610686490946,4.49817211756592,9.122249214275472,5.143510460097081,5.623280497721829,9.20314208912201,8.19073525717139,6.4281573275763675,5.3586798565686635,3.8718365062774938,5.897032086641632,8.111188243464651,3.6086611280246474,6.490995718547374,5.572058523596743
4.196422263478285,12.1001746360757,6.435941247240093,7.319137484712197,9.428072160260035,9.995617521160426,5.791482411946452,8.075607270549863,3.816780548623547,8.893115908604146,5.391716058487121,5.464680762788301,8.573060266150538,8.03029399290685,5.936785398014411,4.281811946938003,3.119774851306264,5.031464512738971,6.87331077420925,3.463439942164976,6.6376064314436665,5.2675414083075065
4.293021142016736,12.304433123088499,7.268848202135684,7.8847322587307875,10.130406358693776,9.698968130441632,4.838725764692743,6.497603854608839,3.135388979681199,8.663982602932828,5.63992165687715,5.30608102785478,7.942978443179088,7.869852728642318,5.445413468452473,3.2049440373073814,2.3677131963350626,4.165896938836342,5.635433304953892,3.31821875630531,6.784217144339952,4.963024293018282
4.38962002055519,12.508691610101307,8.101755157031306,8.450327032749398,10.832740557127542,9.402318739722825,3.8859691174389983,4.919600438667756,2.453997410738826,8.434849297261502,5.8881272552671895,5.147481292921251,7.312896620207615,7.709411464377778,4.954041538890516,2.1280761276767217,1.615651541363833,3.300329364933682,4.3975558356984905,3.1729975704456383,6.930827857236244,4.658507177729046
4.486218899093641,11.732616882269545,7.898591562882847,8.301661107012144,9.484541689054854,8.795672462627698,3.7145028797434527,4.266035633186226,2.8892808798472926,7.8596920385267355,5.678534812616837,5.111038126094135,6.242109907064243,7.132726677010115,4.915064092069634,2.5525821566858733,1.2097480452059417,3.297264587291615,4.222494811430377,4.188469514969864,6.6852499295489665,4.9927521539371345
4.582817777632096,10.610542196257366,7.329756010248296,7.900903169596387,7.412625268097596,8.079615519752682,3.818786198362508,3.9387432784550365,3.718684950620714,7.162408678710747,5.307366590775775,5.117709042128095,5.015780291507234,6.409132410900171,5.035755286216157,3.5069848699207684,0.9260180168644809,3.59861256127088,4.422545473628291,5.61359785845309,6.3012524816557365,5.552442574203079
4.679416656170547,9.488467510245231,6.760920457613767,7.500145232180646,5.340708847140414,7.363558576877693,3.9230695169815597,3.611450923723859,4.548089021394105,6.465125318894784,4.936198368934727,5.124379958162056,3.7894506759502695,5.685538144790254,5.1564464803626775,4.461387583155629,0.6422879885230306,3.899960535250134,4.622596135826197,7.038726201936265,5.917255033762521,6.112132994469003
4.776015534708998,8.366392824233095,6.192084904979238,7.099387294764904,3.268792426183232,6.647501634002703,4.027352835600611,3.284158568992681,5.377493092167495,5.767841959078821,4.56503014709368,5.131050874196015,2.5631210603933052,4.961943878680335,5.277137674509198,5.4157902963904885,0.3585579601815805,4.2013085092293885,4.8226467980241035,8.463854545419439,5.533257585869304,6.671823414734927
4.872614413247453,7.244318138220917,5.623249352344686,6.698629357349147,1.196876005225974,5.9314446911276875,4.131636154219667,2.956866214261491,6.206897162940917,5.070558599262833,4.193861925252618,5.137721790229976,1.3367914448362956,4.238349612570391,5.397828868655721,6.370193009625384,0.07482793184011971,4.5026564832086535,5.022697460222018,9.888982888902666,5.149260137976074,7.231513835000872
4.969213291785904,6.66690569825706,5.769151451393016,6.125747719980042,0.8502398732492762,5.600194226856902,3.711997868354309,2.403647147076091,6.872358574232421,4.278648177422644,3.6616596385584774,5.150467979192957,2.083369451706854,4.01865745385227,4.449062779809539,5.941742281129966,0.7744318497977538,4.287918090594581,5.1401255150986085,10.330064907084807,5.688721513584755,6.897532615597541
5.065812170324358,6.3444415436774735,6.24961160016523,5.472297542207215,1.3111817488804216,5.449065944060406,3.04711968251752,1.7446751506567828,7.461080868319665,3.442444237188111,3.0540797044862766,5.166057912931224,3.753436132905183,4.0348343666792275,2.999699664881651,4.865998452250172,1.9343197426187981,3.8316073561708675,5.218879158037567,10.310529496402669,6.6604402108326255,6.145237011668179
5.162411048862809,6.021977389097899,6.730071748937426,4.818847364434414,1.77212362451155,5.297937661263915,2.3822414966807557,1.0857031542374986,8.049803162406889,2.6062402969536076,2.446499770414098,5.181647846669492,5.4235028141034505,4.051011279506185,1.550336549953816,3.790254623370417,3.0942076354398,3.3752966217471707,5.2976328009765234,10.29099408572053,7.632158908080461,5.392941407738844
5.259009927401264,5.699513234518312,7.21053189770964,4.165397186661588,2.233065500142695,5.1468093784674185,1.7173633108439668,0.42673115781819027,8.638525456494133,1.770036356719074,1.8389198363418977,5.197237780407759,7.0935694953017805,4.067188192333143,0.10097343502592793,2.714510794490623,4.2540955282608435,2.918985887323457,5.376386443915482,10.271458675038392,8.603877605328332,4.640645803809482
5.355608805939715,5.377049079938738,7.690992046481837,3.511947008888786,2.6940073757738237,4.995681095670927,1.0524851250072023,-0.23224083860109346,9.227247750581355,0.933832416484571,1.2313399022697196,5.212827714146027,8.763636176500048,4.0833651051601,-1.3483896799019073,1.638766965610868,5.413983421081846,2.4626751528997604,5.455140086854439,10.251923264356256,9.575596302576166,3.888350199880147
5.45220768447817,5.040419394785479,7.8463104907274985,3.627561955715165,2.4523931324807737,4.8973003166086855,0.7719041461256091,0.6702604519171871,9.761925384007448,0.9792251808588166,1.0326579187170053,5.0146884985932525,8.621554214953361,4.903974482521128,-1.5577448573628703,2.113927259059162,5.980621742886877,2.283438583328433,5.290033338848781,10.227645261357129,9.556066205005992,4.034369990114648
5.548806563016621,4.695224505099316,7.805031625259451,4.208193024392163,1.7859775149545523,4.8308133770136665,0.7236889202866731,2.5169083810487414,10.263924850522134,1.557676417787138,1.0812165564086078,4.687317704399406,7.38375446942146,6.210984884949176,-1.0173277935648484,3.526843533449886,6.188551021752019,2.271735229714347,4.977476121899892,10.200499644398896,8.937176371034285,4.723557227983038
5.645405441555075,4.35002961541314,7.763752759791402,4.788824093069182,1.119561897428306,4.764326437418645,0.6754736944477353,4.363556310180363,10.765924317036836,2.136127654715481,1.129775194100212,4.359946910205548,6.145954723889512,7.517995287377273,-0.4769107297668065,4.9397598078406615,6.396480300617169,2.2600318761002613,4.664918904950991,10.173354027440661,8.318286537062557,5.412744465851453
5.7420043200935265,4.004834725726978,7.722473894323354,5.369455161746179,0.453146279902084,4.697839497823626,0.6272584686087993,6.210204239311918,11.26792378355152,2.7145788916438023,1.1783338317918144,4.032576116011701,4.908154978357609,8.82500568980532,0.06350633403121542,6.352676082231385,6.6044095794823106,2.2483285224861755,4.352361688002102,10.146208410482426,7.69939670309085,6.101931703719844
5.838603198631981,3.6596398360408022,7.681195028855305,5.950086230423199,-0.2132693376241619,4.631352558228604,0.5790432427698615,8.05685216844354,11.769923250066224,3.2930301285721453,1.2268924694834187,3.7052053218178433,3.670355232825661,10.132016092233417,0.6039233978292575,7.765592356622161,6.81233885834746,2.2366251688720897,4.0398044710532,10.119062793524192,7.08050686911912,6.791118941588261
5.935202077170432,3.8223308915736776,7.197419553494495,6.130512133696223,-0.5782758205998167,4.512487703319513,1.287280824655253,8.77579285768353,10.934744139256146,3.662141869784202,1.4071548678741033,3.415432422975725,3.146962070527806,10.443601682978503,2.055417506723674,8.299056493325374,6.443260471879015,2.905681252021143,4.16537461058164,9.373717356470994,6.108854292981895,6.675469579718624
6.031800955708883,4.375703443428849,6.373262070523903,6.003087909735454,-0.7114291231519823,4.353332144322678,2.5774051817131425,8.627266439314715,9.070966122811747,3.8702232296760726,1.6887278514179171,3.154580982096471,3.1731124337945444,9.989475880121393,4.207740111846013,8.156018985653649,5.630330035154012,4.098398440372556,4.627965793554144,8.07591051934481,4.865845761332761,5.9407151411274945
6.128399834247338,4.92907599528404,5.5491045875532805,5.875663685774681,-0.8445824257041528,4.194176585325837,3.8675295387710795,8.478740020945894,7.207188106367278,4.07830458956795,1.9703008349617415,2.8937295412172075,3.199262797061284,9.535350077264265,6.3600627169684305,8.012981477981919,4.817399598428979,5.291115628724011,5.090556976526663,6.778103682218575,3.62283722968358,5.205960702536338
6.224998712785789,5.482448547139212,4.7249471045826885,5.748239461813912,-0.9777357282563184,4.0350210263290025,5.157653895828969,8.33021360257708,5.3434100899228785,4.286385949459821,2.2518738185055556,2.6328781003379533,3.2254131603280225,9.081224274407154,8.51238532209077,7.869943970310195,4.004469161703977,6.483832817075424,5.553148159499168,5.480296845092388,2.379828698034445,4.4712062639452075
6.3215975913242435,6.035821098994402,3.9007896216120663,5.620815237853138,-1.1108890308084889,3.8758654673321615,6.4477782528869065,8.18168718420826,3.4796320734784096,4.494467309351699,2.5334468020493794,2.37202665945869,3.251563523594762,8.627098471550028,10.664707927213188,7.726906462638466,3.1915387249789435,7.67655000542688,6.015739342471688,4.1824900079661536,1.1368201663852648,3.7364518253540506
6.4181964698626945,5.682955521908726,3.8708140716756025,5.242500854558691,-0.48096167700295633,3.3600217419191853,6.403122503714527,7.208638007216184,2.339678155014424,4.508413321696882,3.1713772862761282,2.8565614624706854,3.77784779885782,7.6451371001036454,10.812310508488936,7.231958937685392,2.453951346493023,7.696076744886122,6.0624933618742505,3.8796310770499356,1.0864402888991496,3.088887385635565
6.514795348401149,4.449744333851953,4.612329542400838,4.620464602197237,0.8902440286929107,2.4976809405590936,5.06182322277564,5.434623864704358,1.9028676460170617,4.333770710711004,4.1554836283091685,4.065185759548461,4.789976445774449,6.150421176313382,9.012470780885206,6.395155967373286,1.7895543674393262,6.575932762564435,5.70529127952317,4.543292969309072,2.194613961171358,2.5260218019647644
6.6113942269396,3.2165331457952266,5.353845013126047,3.998428349835805,2.261449734388728,1.6353401391990334,3.7205239418368032,3.6606097221925964,1.4660571370197153,4.159128099725133,5.139589970342172,5.273810056626193,5.80210509269104,4.655705252523174,7.21263105328154,5.5583529970612116,1.1251573883856536,5.45578878024279,5.348089197172103,5.206954861568184,3.302787633443525,1.9631562182939846
6.707993105478055,1.9833219577384549,6.095360483851283,3.37639209747435,3.632655440084595,0.7729993378389413,2.3792246608979166,1.8865955796807707,1.029246628022353,3.984485488739255,6.123696312375213,6.482434353703969,6.814233739607669,3.160989328732911,5.412791325677809,4.721550026749107,0.4607604093319564,4.335644797921102,4.990887114821024,5.870616753827321,4.410961305715734,1.400290634623184
6.804591984016506,0.7501107696817275,6.836875954576492,2.754355845112918,5.003861145780411,-0.08934146352111894,1.0379253799590797,0.11258143716900992,0.5924361190250065,3.8098428777533835,7.107802654408216,7.6910586507817005,7.82636238652426,1.6662734049427028,3.612951598074144,3.8847470564370314,-0.20363656972171595,3.215500815599457,4.633685032469956,6.534278646086433,5.5191349779879015,0.8374250509524042
6.9011908625549605,0.6046349763187441,6.600759187591286,2.100361881015213,5.605159708285088,-0.23026034748774626,0.4368556783227457,-0.5894203730987062,0.18076191686685247,3.2728730032824287,7.533910854308093,7.901842320642734,7.938137506098481,1.1739847066206544,2.5361744362821828,3.1371463890412743,-0.6378420157085756,2.584887303724193,4.461600341032975,6.595361342279099,5.865120608469211,0.16313145800484996
6.997789741093412,1.7925122474189652,5.166254516316007,1.407193947692455,5.262701127523227,0.5131444092213908,0.7431641706701035,0.02265744970687633,-0.2001000381980662,2.2917600316362883,7.2760213315931885,6.889466511980155,6.946253463124066,1.9104777685498429,2.3457320325820064,2.49889048005912,-0.7898771953554575,2.554343400783208,4.516433741684222,5.91779857232585,5.276811219981128,-0.6477513076044907
7.094388619631866,2.98038951851923,3.7317498450406767,0.7140260143696717,4.920242546761355,1.2565491659305552,1.0494726630174727,0.6347352725124813,-0.5809619932629988,1.3106470599901119,7.018131808878275,5.877090703317538,5.9543694201496145,2.6469708304790585,2.155289628881823,1.8606345710769419,-0.9419123750023451,2.5237994978422225,4.571267142335471,5.240235802372576,4.688501831493023,-1.4586340732138612
7.190987498170317,4.168266789619452,2.2972451737653987,0.020858081046913668,4.577783965999496,1.999953922639692,1.3557811553648305,1.2468130953180638,-0.9618239483279174,0.3295340883439719,6.76024228616337,4.864714894654958,4.962485377175199,3.3834638924082476,1.9648472251816465,1.2223786620947874,-1.093947554649227,2.4932555949012376,4.626100542986718,4.562673032419328,4.10019244300494,-2.269516838823202
7.287586376708772,5.356144060719716,0.8627405024900678,-0.6723098522758693,4.235325385237623,2.743358679348857,1.6620896477121996,1.8588909181236686,-1.34268590339285,-0.6515788833022045,6.502352763448457,3.852339085992342,3.9706013342007473,4.1199569543374635,1.774404821481463,0.5841227531126094,-1.2459827342961147,2.4627116919602514,4.680933943637967,3.885110262466054,3.511883054516835,-3.0803996044325723
7.384185255247223,6.085217579729578,-0.000731503947833485,-0.9167812242060578,3.5595460556355825,2.9622667717675117,1.8434839249771222,2.185014588996876,-1.1033438005183078,-1.3351927529870813,6.2173814205270315,3.499418975665564,3.0878333351751968,4.5278294936500405,1.454134106812053,0.3352822025345189,-1.223409500951703,2.0722565253470484,4.186291980649331,3.3720509097601643,2.8466157618634305,-2.970698741304702
7.480784133785674,6.100596373265657,0.024069523805603746,-0.4632801673034662,2.3652677833933398,2.365291164178876,1.830567201002731,2.0663206901975677,0.10076017026191497,-1.5560302418433964,5.8902828017288025,4.1723188405276534,2.37480140451452,4.424514553336856,0.9319082417460889,0.6921988761404347,-0.9292231807319871,1.1219393930215915,2.836910563109898,3.1148857616612395,2.061636173841766,-1.4289789001413915
7.577383012324129,6.1159751668017375,0.04887055155904189,-0.009779110400857993,1.1709895111510527,1.7683155565902178,1.8176504770283393,1.947626791398255,1.3048641410421822,-1.7768677306997198,5.563184182930562,4.845218705389769,1.6617694738538165,4.321199613023667,0.40968237668010543,1.0491155497463636,-0.6350368605122605,0.17162226069609954,1.4875291455704143,2.857720613562305,1.276656585820073,0.11274094102197552
7.67398189086258,6.131353960337816,0.07367157931247911,0.4437219465017337,-0.023288761091190047,1.171339949001582,1.804733753053948,1.8289328925989465,2.508968111822405,-1.997705219556035,5.236085564132333,5.518118570251859,0.9487375431931393,4.217884672710483,-0.1125434883858587,1.4060322233522793,-0.3408505402925447,-0.7786948716293578,0.1381477280309804,2.6005554654633802,0.49167699779840834,1.6544607821852857
7.770580769401034,6.146732753873897,0.09847260706591726,0.8972230034043418,-1.2175670333334772,0.5743643414129238,1.7918170290795563,1.710238993799634,3.7130720826026717,-2.2185427084123583,4.908986945334092,6.191018435113975,0.23570561253243616,4.114569732397294,-0.6347693534518419,1.7629488969582083,-0.04666422007281801,-1.7290120039548498,-1.2112336895085036,2.3433903173644457,-0.29330259022328464,3.1961806233486527
7.867179647939485,6.170522677522676,0.39265487854423475,1.0606397037420838,-1.5440298260676095,0.46144375832929535,2.250550736117867,1.7783067256406577,4.3054391190817265,-1.8141722846541786,4.526787362265652,6.490691783066612,0.040757394987903484,4.099882182412766,-0.7141842363082389,2.1007049910904043,0.2736262323674315,-1.8781968039922075,-2.077904718241309,2.408159250345832,-0.4880249106892043,4.033654011617159
7.96377852647794,6.211134861396856,1.225599637472321,0.6438876909501356,-0.13486165978554343,1.3166332242556726,3.652585305181594,2.219897718762347,3.6743322869584722,-0.15938603566700005,4.034385850656771,6.043912097200361,0.8819766036756485,4.26244941308555,0.09202284525449245,2.400139926275174,0.6461249492487601,-0.42511693945338114,-1.9791549693608943,3.11679634548784,0.4977673039563528,3.462634494096095
8.060377405016391,6.251747045271035,2.058544396400377,0.2271356781582029,1.2743065064964711,2.171822690182019,5.054619874245269,2.6614887118840196,3.0432254548352407,1.4954002133201176,3.5419843390479095,5.597132411334126,1.7231958123633624,4.425016643758329,0.8982299268171943,2.699574861459933,1.018623666130075,1.0279629250853919,-1.880405220480483,3.825433440629822,1.4835595186018737,2.8916149765750516
8.156976283554846,6.292359229145215,2.891489155328463,-0.18961633463374516,2.6834746727785372,3.027012156108396,6.456654443308996,3.103079705005709,2.412118622711986,3.150186462307296,3.0495828274390293,5.150352725467874,2.5644150210511074,4.587583874431113,1.7044370083799256,2.9990097966447027,1.3911223830114035,2.4810427896242184,-1.7816554716000683,4.53407053577183,2.4693517332474313,2.320595459053987
8.253575162093297,6.3329714130193935,3.724433914256519,-0.606368347425678,4.092642839060551,3.8822016220347417,7.858689012372672,3.5446706981273817,1.7810117905887544,4.804972711294414,2.5571813158301673,4.70357303960164,3.4056342297388214,4.750151105103891,2.5106440899426277,3.298444731829462,1.7636210998927184,3.9341226541629912,-1.682905722719657,5.242707630913811,3.455143947892952,1.7495759415329433
8.350174040631751,6.087232320219853,4.064295586241688,-0.8490198068088768,4.977552587136416,4.098584488018882,8.418716087873438,3.65601363835961,1.4872707032557666,5.581464829830502,2.2928960104696805,4.226585134988707,3.957598922661153,4.707606970171438,3.046068337367586,3.5356850736994296,2.145937250336231,5.011827148631064,-1.3647528304114485,5.664077535718273,4.241942245357473,1.5506399362935301
8.446772919170202,5.087937236173781,3.106570187324597,-0.6335119151164682,4.482834918880314,2.6338973541552355,6.762933969787724,2.8982827551986245,2.0813342074760115,4.046656605074508,2.6289165110259503,3.6701019178845407,3.7483675214640497,4.125296083646322,2.8689061791668973,3.6092554331620366,2.554088752259158,5.101701721860396,-0.46922324487228817,5.329481150160849,4.5050723397140375,2.330871068637294
8.543371797708657,4.088642152127672,2.1488447884074704,-0.41800402342405163,3.988117250624192,1.1692102202915349,5.10715185170195,2.1405518720376113,2.675397711696278,2.5118483803184586,2.9649370115822324,3.1136187007803526,3.539136120266939,3.542985197121186,2.6917440209662025,3.682825792624646,2.9622402541821007,5.191576295089731,0.42630634066690476,4.9948847646034125,4.768202434070613,3.111102200981087
8.639970676247108,3.0893470680816013,1.1911193894903795,-0.20249613173164294,3.493399582368089,-0.29547691357211203,3.451369733616236,1.3828209888766265,3.2694612159165235,0.9770401555624657,3.300957512138502,2.557135483676186,3.3299047190698357,2.9606743105960707,2.514581862765514,3.756396152087253,3.370391756105028,5.281450868319062,1.3218359262060653,4.660288379045988,5.031332528427178,3.891333333324851
8.736569554785559,2.0900519840355303,0.2333939905732887,0.013011759960765645,2.9986819141119856,-1.760164047435759,1.795587615530522,0.6250901057156413,3.8635247201367684,-0.5577680691935276,3.6369780126947724,2.0006522665720183,3.1206733178727326,2.3783634240709555,2.3374197045648257,3.82996651154986,3.7785432580279554,5.371325441548394,2.2173655117452253,4.325691993488564,5.294462622783744,4.671564465668615
8.833168433324014,1.5961895692656098,-0.4337198256396953,0.19554424098954218,2.597048877669161,-2.977471202687761,0.47284914514530196,0.061907912088082814,4.148316336771791,-1.614389447486977,3.923268421390954,1.5242030923071717,2.947363986279836,1.8884100575918958,2.134489382469957,3.713244393746303,3.764180607219069,5.180530502192947,3.0038981516135914,3.934804981405245,5.590609003952039,5.171797057817241
8.929767311862465,2.9218847638898007,-0.054631944117847,0.25936524362921937,2.5305205157541844,-3.304210434937695,0.34906780648200786,0.19910100078091097,3.3197291581000408,-0.9495381785152034,4.030530499390782,1.3358764722639385,2.9033741052621065,1.7309437632786975,1.838793670356079,2.911469357784622,2.2287670065757563,3.9793253175323944,3.3980417870669912,3.3412717138287826,6.005614017642508,4.6640349052633505
9.02636619040092,4.24757995851404,0.32445593740401524,0.3231862462688989,2.4639921538392056,-3.630949667187641,0.22528646781870915,0.3362940894737442,2.491141979428259,-0.28468690954340525,4.137792577390615,1.1475498522206986,2.859384224244375,1.5734774689654936,1.5430979582421902,2.109694321822911,0.6933534059323878,2.778120132871798,3.7921854225204052,2.747738446252299,6.420619031332993,4.156272752709441
9.12296506893937,5.57327515313823,0.7035438189258636,0.3870072489085761,2.397463791924229,-3.9576888994375747,0.10150512915541504,0.4734871781665724,1.6625548007565087,0.38016435942836857,4.245054655390442,0.9592232321774654,2.815394343226645,1.4160111746522954,1.2474022461283123,1.3079192858612299,-0.8420601947109247,1.5769149482112454,4.186329057973805,2.154205178675837,6.835624045023462,3.64851060015555
9.219563947477825,6.89897034776247,1.0826317004477257,0.4508282515482556,2.33093543000925,-4.284428131687521,-0.02227620950788367,0.6106802668594056,0.8339676220847276,1.0450156284001668,4.352316733390275,0.7708966121342254,2.7714044622089133,1.2585448803390913,0.9517065340144235,0.5061442498995192,-2.3774737953542937,0.375709763550649,4.580472693427219,1.560671911099353,7.250629058713947,3.1407484476016405
9.316162826016276,7.905194850910681,1.4475493950605582,0.48325160750527996,2.1719100888918237,-4.314096813565379,-0.14004763609022194,0.6468629319609491,0.19250896130712855,1.5614868405370987,4.418555898569466,0.7526913489785989,2.624291556786276,1.0475767674085914,0.7123342190259667,-0.28332795358167384,-3.506426905183336,-0.509415107069364,4.743711148547954,1.1951288704871146,7.359209315958066,2.62904996126847
9.41276170455473,7.226937526276567,1.737751558698596,0.35012373549923326,1.5251734028887651,-2.777393502572356,-0.2261304353366167,0.15044518176301502,0.5377279403349966,1.2955904802721898,4.268492432512583,1.6314896039575886,1.9334390681377789,0.5545081563141404,0.7699398161533471,-1.0079306767112355,-2.4922246998099924,0.27206531452427885,3.6894495619146923,2.0317161175043568,5.852095402848775,2.096596260462717
9.509360583093182,6.548680201642476,2.027953722336623,0.21699586349319144,0.8784367168857301,-1.2406901915793904,-0.3122132345830083,-0.3459725684349009,0.882946919362852,1.0296941200072909,4.118428966455706,2.510287858936546,1.2425865794893074,0.061439545219707625,0.8275454132807252,-1.7325333998407701,-1.4780224944366855,1.053545736117893,2.6351879752814695,2.8683033645215676,4.344981489739539,1.5641425596569833
9.605959461631636,5.8704228770083615,2.3181558859746607,0.08386799148714469,0.23170003088267155,0.2960131194136313,-0.39829603382940304,-0.8423903186328352,1.22816589839072,0.7637977597423818,3.9683655003988236,3.3890861139155355,0.5517340908408102,-0.43162906587474326,0.8851510104081054,-2.457136122970332,-0.46382028906334183,1.8350261577115359,1.5809263886482081,3.7048906115388096,2.8378675766302477,1.03168885885123
9.702558340170087,5.192165552374272,2.608358049612688,-0.04925988051889707,-0.4150366551203635,1.832716430406597,-0.48437883307579466,-1.338808068830751,1.5733848774185755,0.4979013994774828,3.8183020343419463,4.267884368894492,-0.13911839780766133,-0.9246976769691759,0.9427566075354835,-3.181738846099867,0.550381916309965,2.61650657930515,0.5266648020149853,4.541477858556021,1.330753663521012,0.4992351580454968
9.799157218708542,4.587115351996656,2.865183371965204,-0.17190526502403072,-1.071093712937049,3.142711852520335,-0.5758421528285609,-1.8075709438840994,1.810032332693946,0.23206640706179765,3.664045202198818,4.910723440267224,-0.87728325065186,-1.311361966822073,1.016584969910466,-3.7927767424464554,1.4708288269463208,3.333300101699926,-0.47229550032349954,5.119736584765537,-0.15204391957756305,0.0637467619997692
9.895756097246993,4.630471109319212,2.826385242931787,-0.20170576023539719,-1.8097026353886594,2.4447231159897718,-0.7149615113520228,-2.0313906390854877,1.0850462918761585,-0.033225041546466494,3.4726471275775346,3.4636383139853786,-2.034500472086356,-0.7555879828215843,1.2341006816212932,-3.3979547444299665,1.56087169848395,3.477152516904953,-0.981444427479842,3.4099426981075567,-1.4194682940098409,0.4870939223996431
9.992354975785448,4.673826866641771,2.787587113898368,-0.23150625544676473,-2.5483115578402966,1.7467343794591828,-0.8540808698754898,-2.2552103342868843,0.3600602510583444,-0.29851649015474035,3.2812490529562446,2.0165531877034804,-3.191717693520895,-0.1998139988210752,1.451616393332128,-3.003132746413463,1.6509145700215826,3.621004932109985,-1.4905933546362031,1.7001488114495138,-2.6868926684421655,0.9104410827995326
10.088953854323899,4.7171826239643275,2.7487889848649503,-0.2613067506581312,-3.286920480291907,1.0487456429286195,-0.9932002283989518,-2.479030029488273,-0.3649257897594431,-0.5638079387630045,3.0898509783349613,0.5694680614216354,-4.348934914955391,0.3559599851794135,1.669132105042955,-2.608310748396974,1.7409574415592117,3.7648573473150115,-1.9997422817925454,-0.009645075208466025,-3.954317042874443,1.3337882431994066
10.18555273286235,4.760538381286883,2.709990855831533,-0.29110724586949766,-4.025529402743517,0.35075690639805623,-1.1323195869224136,-2.7028497246896612,-1.0899118305772308,-0.8290993873712686,2.898452903713678,-0.8776170648602095,-5.506152136389888,0.911733969179902,1.886647816753782,-2.213488750380485,1.8310003130968409,3.908709762520038,-2.5088912089488877,-1.7194389618664463,-5.2217414173067205,1.7571354035992803
10.282151611400804,4.793094889823886,2.6613882019965858,-0.2908871154007582,-4.724228536288725,-0.3320958445281927,-1.2422143543136401,-2.889664891937604,-1.795747644001365,-1.100774795984069,2.677707125847266,-2.2030163315042075,-6.546078167261594,1.407865044443266,2.0579990679843734,-1.8474006478311413,1.9233257808837683,4.0515760634526545,-2.9508645802270275,-3.359944070082761,-6.371058632717377,2.1229694337414626
10.378750489939256,4.588067925078821,2.3970860025281673,0.3697867800298673,-4.544912313893071,-0.6819569121591729,-0.7091681167960258,-2.2623804442101325,-2.080278454764824,-1.5128973246963433,1.8113118765886336,-0.8513266861162374,-5.0055980057528116,0.5918521274903409,1.2137321886503205,-2.113458245558873,2.065868366155146,4.1727478503921285,-1.9149757221853265,-3.476096052582051,-4.922018349653122,1.2235145982149689
10.47534936847771,4.38304096033375,2.132783803059739,1.0304606754605172,-4.365596091497411,-1.0318179797901657,-0.17612187927839185,-1.635095996482638,-2.364809265528293,-1.9250198534086327,0.9449166273299696,0.5003629592717824,-3.465117844243972,-0.22416078946261453,0.36946530931623656,-2.379515843286614,2.2084109514265284,4.293919637331608,-0.8790868641435874,-3.5922480350813446,-3.4729780665888144,0.3240597626884423
10.571948247016161,4.178013995588685,1.8684816035913208,1.6911345708911427,-4.186279869101757,-1.381679047421146,0.3569243582392223,-1.0078115487551662,-2.649340076291751,-2.337142382120907,0.07852137807133719,1.852052604659752,-1.924637682735189,-1.0401737064155399,-0.4748015700178163,-2.6455734410143457,2.3509535366979057,4.415091424271082,0.15680199389811378,-3.7084000175806344,-2.02393778352456,-0.5753950728380515
10.668547125554616,3.9729870308436137,1.6041794041228927,2.351808466321793,-4.0069636467060965,-1.731540115052139,0.8899705957568562,-0.38052710102767184,-2.93387088705522,-2.7492649108331966,-0.787873871187327,3.203742250047772,-0.3841575212263493,-1.856186623368495,-1.3190684493519003,-2.9116310387420867,2.4934961219692884,4.53626321121056,1.1926908519398527,-3.8245520000799287,-0.5748975004602519,-1.474849908364578
10.765146004093067,3.7679600660985493,1.3398772046544742,3.012482361752418,-3.8276474243104426,-2.081401182683119,1.4230168332744704,0.2467573466998001,-3.2184016978186785,-3.1613874395454706,-1.6542691204459588,4.555431895435742,1.1563226402824336,-2.6721995403214205,-2.1633353286859536,-3.177688636469818,2.6360387072406657,4.657434998150035,2.2285797099815543,-3.940703982579218,0.8741427826040029,-2.374304743891072
10.861744882631521,3.800294574830467,0.783228834410848,2.280394767118131,-3.518865971699875,-1.4854189086151295,1.678043990944305,-0.039485520420110054,-2.7336738488968897,-2.5456825626014306,-1.3209875117262413,3.7174851959277273,1.436900869678798,-1.4580143491149646,-1.424643649280239,-2.2348012880970223,2.695762315724469,3.992080539578808,2.1103718720632054,-2.981485847355401,0.2825970016083158,-2.052143286666299
10.958343761169973,3.836119693466456,0.22228125577349034,1.5278253858652735,-3.2081806186449833,-0.8755271736398273,1.9289826327340163,-0.3391626127583506,-2.2376333726268087,-1.9148625767507055,-0.9700635962715635,2.8473379619359855,1.698951129485267,-0.2139733033768043,-0.6626731675401492,-1.274135337575728,2.7542679980790417,3.3151595185736276,1.975192023910158,-2.0064534456945182,-0.3389573979764591,-1.7120168839599066
11.054942639708427,3.8719448121024462,-0.3386663228638882,0.7752560046123884,-2.89749526559008,-0.2656354386645028,2.179921274523737,-0.638839705096602,-1.7415928963567096,-1.2840425908999573,-0.6191396808168725,1.9771907279442118,1.9610013892917455,1.0300677423614015,0.09929731419996868,-0.3134693870543983,2.812773680433616,2.6382384975684223,1.8400121757571053,-1.0314210440335998,-0.9605117975612569,-1.3718904812535015
11.151541518246878,3.9077699307384353,-0.8996139015012456,0.022686623359530866,-2.5868099125351876,0.34425629631079957,2.430859916313448,-0.9385167974348425,-1.2455524200866286,-0.6532226050492325,-0.2682157653621946,1.1070434939524696,2.223051649098214,2.274108788099561,0.8612677959400581,0.6471965634668959,2.8712793627881883,1.9613174765632415,1.7048323276040578,-0.0563886423727169,-1.5820661971460321,-1.0317640785471087
11.248140396785333,3.9435950493744256,-1.4605614801386242,-0.7298827578933542,-2.2761245594802837,0.9541480312861244,2.6817985581031687,-1.238193889773094,-0.7495119438165294,-0.02240261919848452,0.08270815009249621,0.2368962599606963,2.485101908904693,3.5181498338377675,1.623238277680176,1.6078625139882257,2.9297850451427627,1.2843964555580363,1.5696524794510052,0.9186437592882015,-2.20362059673083,-0.6916376758407037
11.344739275323784,4.853911293953412,-0.24685459383566877,-0.6143293059816893,-1.193654803845887,1.0605110046026536,2.431429141293524,-0.9191430986111734,-0.07633577047949414,0.2588313990281481,-0.18969143512159647,0.4380454336740123,2.850320820215453,3.584079275830834,1.7590690625940333,1.7619728121643585,2.4819252766136652,1.084079207609816,1.0442651056456915,1.167505580104247,-1.153055735456574,-0.05722782980361174
11.441338153862239,5.832547157746701,1.105497172540736,-0.43095375772907024,-0.05088939175995133,1.1275357934146115,2.1418950324058112,-0.5517541915508111,0.6106791291909159,0.5127540135341703,-0.5107881688254267,0.7228896392392599,3.223599782424996,3.557968748781356,1.8459826836933666,1.8530709500010583,1.9945057072342807,0.9209966294316478,0.4883927688987879,1.3596353242918233,0.028143443072278007,0.6001729102437048
11.53793703240069,6.811183021539954,2.457848938917091,-0.24757820947645792,1.0918760203259423,1.1945605822265668,1.8523609235181095,-0.1843652844904622,1.2976940288613008,0.7666766280401831,-0.831884902529245,1.007733844804497,3.596878744634525,3.531858221731879,1.9328963047926964,1.9441690878377544,1.5070861378549145,0.7579140512534857,-0.06747956784809528,1.5517650684793924,1.209342621601087,1.2575736502909973
11.63453591093914,7.789818885333206,3.810200705293446,-0.06420266122384555,2.2346414324118364,1.2615853710385223,1.5628268146304076,0.1830236225698867,1.9847089285316857,1.0205992425461958,-1.1529816362330634,1.292578050369734,3.970157706844054,3.5057476946824018,2.0198099258920266,2.035267225674451,1.0196665684755482,0.5948314730753236,-0.6233519045949785,1.7438948126669613,2.3905418001298955,1.9149743903382896
11.731134789477595,8.768454749126494,5.1625524716698505,0.1191728870287736,3.3774068444977723,1.3286101598504803,1.273292705742695,0.5504125296302491,2.671723828202096,1.274521857052218,-1.4740783699368936,1.5774222559349815,4.343436669053597,3.4796371676329234,2.1067235469913594,2.1263653635111504,0.5322469990961638,0.4317488948971554,-1.1792242413418825,1.9360245568545373,3.571740978658748,2.5723751303856064
11.827733668016046,8.772959230964029,3.8390424824947935,0.2966006636898071,2.1169686421219653,0.6854426583809442,0.9726527861813242,0.42054110219204355,2.3306004961195574,1.3304287694117205,-1.523531672706805,2.288238102057011,3.4643265882913292,2.819059678297706,1.5421844559524298,1.7503849248909995,0.4635464180861831,0.18851467681889467,-1.346944730216626,0.9937468149053179,2.4704090853170046,2.7781218351871155
11.924332546554501,8.631344005508202,2.114153229986972,0.4731362746121103,0.4960498975768539,-0.06425368663083986,0.670346995018892,0.21608062457904936,1.835256429274067,1.3566333264492483,-1.5322384608366317,3.0629496942625862,2.397358151083258,2.0633121446196028,0.8799274580927394,1.3043426998023075,0.45765368533160794,-0.06674228724438991,-1.4564424419105544,-0.11869204996445593,1.0266975311946354,2.916120434701764
12.020931425092952,8.489728780052381,0.3892639774792146,0.6496718855344069,-1.124868846968198,-0.8139500316425963,0.3680412038564709,0.011620146966062728,1.3399123624285947,1.382837883486775,-1.5409452489664583,3.837661286468133,1.3303897138752259,1.3075646109415273,0.21767046023307346,0.8583004747136318,0.451760952577033,-0.32199925130766516,-1.5659401536044786,-1.2311309148341891,-0.4170140229276811,3.0541190342164075
12.117530303631407,8.348113554596555,-1.3356252750286064,0.8262074964567101,-2.7457875915133094,-1.5636463766543804,0.0657354126940386,-0.1928403306469315,0.844568295583104,1.4090424405243027,-1.5496520370962854,4.612372878673708,0.2634212766671542,0.5518170772634239,-0.4445865376266167,0.41225824962493984,0.4458682198224579,-0.5772562153709497,-1.675437865298407,-2.3435697797039627,-1.86072557705005,3.192117633731056
12.214129182169858,8.206498329140734,-3.0605145275363643,1.0027431073790067,-4.366706336058361,-2.313342721666137,-0.23657037846838258,-0.3973008082599182,0.3492242287376315,1.4352469975618296,-1.558358825226112,5.3870844708792545,-0.8035471605408775,-0.20393045641465202,-1.106843535486283,-0.03378397546373568,0.4399754870678829,-0.8325131794342249,-1.7849355769923312,-3.456008644573696,-3.3044371311723664,3.3301162332456995
12.310728060708312,7.647801855573659,-2.8469279990651692,0.75482127755611,-4.287178760476796,-1.4391553001100406,-0.838891299441585,-0.2079213377160516,0.3722743205916161,1.1044414209708253,-0.12783534756089066,5.215997161857508,-0.7069475491897437,-0.07390508784105815,-1.607142855411868,0.7466651591692494,0.09261241695518546,-0.6913452761352807,-1.8948535243173765,-2.828563769611254,-3.559835616456641,2.5757979188823152
12.407326939246763,6.992282949409367,-2.183338164295356,0.40836468470310283,-3.8129047177230357,-0.18799486131506615,-1.510858589835111,0.07288526364992132,0.5156659135722439,0.6907584919303662,1.6367951560923586,4.825349393622317,-0.34023392656598583,0.26174613304092653,-2.069844857245595,1.811835502308976,-0.3340205529013359,-0.4581501714844109,-2.0048690263424986,-1.7972173121878523,-3.53937571076068,1.6143346066544497
12.503925817785218,6.33676404324505,-1.5197483295255176,0.06190809185008306,-3.3386306749692576,1.0631655774799542,-2.1828258802286618,0.35369186501590444,0.659057506552877,0.277075562889892,3.401425659745673,4.434701625387113,0.02647969605778533,0.5973973539229236,-2.5325468590793396,2.8770058454487417,-0.760653522757873,-0.2249550668335326,-2.1148845283676243,-0.7658708547644122,-3.5189158050647174,0.6528712944265487
12.600524696323669,5.681245137080756,-0.8561584947557042,-0.28454850100292406,-2.8643566322154976,2.3143260162749284,-2.854793170622188,0.6344984663818773,0.8024490995335047,-0.13660736615056712,5.166056163398922,4.044053857151923,0.39319331868154306,0.9330485748049083,-2.9952488609130667,3.9421761885884683,-1.1872864926143945,0.008240037817337176,-2.2249000303927464,0.26547560265898973,-3.4984558993687562,-0.30859201780131684
12.697123574862124,5.025726230916439,-0.19256865998586603,-0.6310050938559439,-2.39008258946172,3.5654864550699488,-3.526760461015739,0.9153050677478605,0.9458406925141377,-0.5502902951910413,6.930686667052237,3.6534060889167184,0.7599069413053143,1.268699795686905,-3.4579508627468107,5.007346531728234,-1.6139194624709317,0.2414351424682155,-2.3349155324178725,1.2968220600824294,-3.477995993672794,-1.2700553300292179
12.793722453400575,3.9477399276798857,-0.26560072221123354,-0.8168997985798329,-1.9641166022249426,3.5913440616904726,-3.498586780754237,0.6799905077540565,0.7137003087457452,-0.5707337028660439,6.317100304269619,3.744403221640188,0.8733570262024353,1.2573180264010346,-3.0803345154144885,4.764186567150637,-1.4897736110886317,0.14552545333002956,-1.770424601070816,1.3918057399707466,-2.7216328972984476,-0.6920865674998424
12.890321331939026,2.731639283092801,-0.5794514815311501,-0.9503031167999781,-1.553943633137946,3.2166218962540123,-3.241520860086311,0.27594402962342257,0.3587898556555721,-0.4626180362485086,4.9260199659215225,3.9928611873693542,0.9040094160735503,1.1324831641756867,-2.427998707777914,4.093303232742428,-1.185565452762892,-0.057976187623796416,-0.9854219511213431,1.180670819511092,-1.7246860655100429,0.38915806562318633
12.98692021047748,1.5155386385056722,-0.8933022408510783,-1.0837064350201282,-1.1437706640509342,2.8418997308175387,-2.9844549394183755,-0.12810244850722619,0.003879402565385992,-0.3545023696309693,3.534939627573375,4.241319153098529,0.9346618059446665,1.0076483019503342,-1.7756629001413156,3.4224198983341934,-0.8813572944371414,-0.2614778285776298,-0.20041930117184137,0.9695358990514299,-0.7277392337216013,1.4704026987462548
13.083519089015931,0.2994379939185876,-1.207153000170995,-1.2171097532402735,-0.7335976949639378,2.4671775653810784,-2.7273890187504497,-0.5321489266378601,-0.3510310505247871,-0.24638670301343402,2.1438592892252784,4.489777118827696,0.9653141958157815,0.8828134397249863,-1.123327092504741,2.751536563925984,-0.5771491361114018,-0.46497946953145575,0.5845833487776315,0.7584009785917755,0.2692075980668034,2.551647331869283
13.180117967554386,-0.9166626506685418,-1.5210037594909231,-1.3505130714604237,-0.32342472587692606,2.0924553999446047,-2.470323098082514,-0.9361954047685088,-0.7059415036149732,-0.13827103639589478,0.752778950877131,4.738235084556871,0.9959665856868977,0.7579785774996336,-0.47099128486814257,2.08065322951775,-0.2729409777856511,-0.6684811104852892,1.3695859987271333,0.5472660581321132,1.266154429855245,3.6328919649923517
13.276716846092837,-0.25805995628280476,-1.142092406261661,-0.6932685495905798,-0.14776856187582044,2.1753376072486206,-2.1291351139772887,-0.7922667799525953,-0.5051733896112444,-0.023356103651787072,1.0216115307510218,4.258652754053918,1.2556669311775839,0.8640660754075908,-0.6134670976432643,1.7801917665243823,-0.6295839171816787,-0.776967273441589,1.5520356308335272,0.5738256456976203,1.791322987719615,2.797216234041546
13.373315724631292,1.2207254489035426,-0.4600976287921281,0.30988440231864933,-0.07471350009978292,2.458421727626592,-1.7511437271182324,-0.4085990475975686,-0.06129590250393291,0.09453350802270022,2.0166560123470223,3.460552793949402,1.6155757572518392,1.0711821058738702,-1.1036729943484995,1.6417898722749926,-1.2753492118309846,-0.8438841647739762,1.4708683176335882,0.7043765805241338,2.110088550742245,1.1228878438084298
13.469914603169743,2.699510854089836,0.22189714867737997,1.3130373542278413,-0.001658438323748096,2.741505848004553,-1.3731523402591903,-0.024931315242555874,0.3825815846033622,0.2124231196971832,3.0117004939429863,2.662452833844916,1.9754845833260815,1.278298136340142,-1.5938788910537165,1.5033879780256079,-1.9211145064802668,-0.9108010561063609,1.3897010044336522,0.8349275153506424,2.428854113764863,-0.551440546424625
13.566513481708197,4.178296259276183,0.9038919261469132,2.3161903061370706,0.07139662345228942,3.0245899683825246,-0.995160953400134,0.35873641711247073,0.8264590717106735,0.33031273137167044,4.006744975538987,1.8643528737404007,2.335393409400337,1.4854141668064214,-2.0840847877589512,1.364986083776218,-2.5668798011295726,-0.977717947438748,1.3085336912337133,0.9654784501771557,2.747619676787493,-2.225768936657741
13.663112360246648,5.657081664462476,1.585886703616421,3.3193432580462625,0.14445168522832424,3.3076740887604856,-0.6171695665410919,0.7424041494674836,1.2703365588179687,0.4482023430461535,5.001789457134951,1.0662529136359145,2.6953022354745793,1.6925301972726932,-2.5742906844641684,1.2265841895268335,-3.2126450957788553,-1.0446348387711326,1.2273663780337773,1.0960293850036642,3.0663852398101112,-3.900097326890796
13.759711238785103,5.950488324151675,1.7401079689588799,3.2236169081683643,0.15927741536205692,3.0391846525280752,-0.163297287213987,0.9985166938921586,0.9732016194744589,0.5795941139485974,5.0841667462335725,0.6675914549604852,2.998298142037067,1.7857039871633062,-2.627607479549005,0.3491850462753241,-2.607598447417656,-0.6444288521955511,1.2005075353111867,0.8931670275205542,3.388575067472786,-4.404948287829579
13.856310117323554,5.570384332990235,1.5944579205927791,2.5035273186387146,0.1410182979717533,2.457301150039788,0.3336891355608548,1.1821546997200363,0.2550368923748265,0.718657566230557,4.6479831305041515,0.49588369027886037,3.268957162513314,1.8141378676359257,-2.43269183053135,-0.9480988975455245,-1.291863195073264,0.02118786046407939,1.2045057780870891,0.5008652994069903,3.7127105000445644,-4.245323436669315
13.952908995862009,5.190280341828782,1.448807872226673,1.7834377291090389,0.12275918058144905,1.8754176475514786,0.8306755583357148,1.3657927055479204,-0.4631278347248322,0.8577210185125219,4.211799514774715,0.3241759255972292,3.5396161829895707,1.8425717481085462,-2.237776181513688,-2.2453828413664203,0.02387205727117614,0.6868045731237344,1.2085040208629918,0.1085635712934121,4.036845932616355,-4.085698585509045
14.04950787440046,4.810176350667342,1.3031578238605723,1.0633481395793893,0.10450006319114544,1.293534145063191,1.3276619811105566,1.5494307113757981,-1.1812925618244647,0.9967844707944816,3.775615899045295,0.15246816091560433,3.8102752034658174,1.8710056285811658,-2.042860532496033,-3.542666785187269,1.3396073096155687,1.352421285783365,1.2125022636388945,-0.2837381568201518,4.360981365188134,-3.9260737343487806
14.146106752938914,4.430072359505887,1.1575077754944663,0.34325855004971384,0.08624094580084117,0.7116506425748819,1.824648403885417,1.7330687172036825,-1.8994572889241232,1.1358479230764464,3.3394322833158587,-0.019239603766026847,4.080934223942074,1.8994395090537863,-1.8479448834783707,-4.839950729008164,2.6553425619600084,2.01803799844302,1.2165005064147971,-0.6760398849337301,4.685116797759925,-3.766448883188511
14.242705631477365,4.45185705447266,1.072655366554351,0.05152352987595729,-0.36069255658376637,0.5375575946341329,2.125872159591811,1.735438757884201,-2.074464783157145,0.6941497241033862,2.5248777403933227,-0.24955637826143728,3.3833117594700957,1.4690275705613844,-1.7030920901716744,-4.571023076227961,2.637710956404028,1.8381454900885008,0.8281557452153991,-0.6784559599914366,4.1280089180752855,-3.050066889340973
14.339304510015817,4.7650110468823454,1.031881246198069,0.07034557248518195,-1.1184149880892023,0.6591126262403098,2.285167981673601,1.6063895238329016,-1.855683283561927,-0.16860067202950701,1.436004275255815,-0.5223646848718365,1.9836852184107485,0.7059524133193864,-1.594534867255418,-3.1665920159121477,1.6533883788704062,1.0452587964988058,0.15536230613394642,-0.39820493658368444,2.9319996370048296,-1.9300359670452163
14.435903388554271,5.078165039292044,0.9911071258417858,0.08916761509440727,-1.8761374195946663,0.7806676578464912,2.4444638037553967,1.4773402897815977,-1.6369017839667008,-1.031351068162432,0.3471308101182675,-0.7951729914822459,0.5840586773513503,-0.05712274392263961,-1.4859776443391577,-1.7621609555962827,0.6690658013367483,0.2523721029090815,-0.5174311329475307,-0.11795391317592208,1.7359903559343297,-0.8100050447494183
14.532502267092722,5.391319031701729,0.950333005485504,0.10798965770363192,-2.633859851100102,0.9022226894526681,2.6037596258371867,1.3482910557302983,-1.4181202843714829,-1.8941014642953249,-0.7417426550192401,-1.067981298092645,-0.8155678637079964,-0.8201979011646376,-1.3774204214229013,-0.3577298952804693,-0.31525677619687364,-0.5405145906806132,-1.1902245720289835,0.16229711023183002,0.5399810748638743,0.31002587754633826
14.629101145631177,5.704473024111428,0.9095588851292208,0.12681170031285727,-3.391582282605566,1.0237777210588495,2.7630554479189824,1.2192418216789944,-1.1993387847762567,-2.75685186042825,-1.8306161201567877,-1.3407896047030543,-2.215194404767395,-1.5832730584066634,-1.268863198506641,1.0467011650353948,-1.299579353730532,-1.3334012842703378,-1.8630180111104608,0.44254813363959244,-0.656028206206626,1.430056799842136
14.725700024169628,6.4584764026980634,0.6770279889087251,0.634983050772038,-3.101122553167863,1.9024458705497893,2.7415098951252923,1.5206777091278758,-0.9074008220546408,-2.7104347987729085,-2.6683578690005687,-1.286166343553,-2.4828486779872603,-1.0633126695344264,-1.1549067783784632,1.9826059589853964,-1.3483736986842336,-1.2501157795945055,-1.9361608356092124,0.6498457110129712,-1.1425452889013752,1.376286446212391
14.822298902708082,7.616591718613603,0.26872004814602213,1.5917246000937035,-1.8498291761989245,3.475134378101804,2.5541930820290766,2.2167249579519397,-0.5484027681338152,-1.8306142341450045,-3.2758955445751288,-0.9313974786225234,-1.7128617056875959,0.6327636366092289,-1.0360010941393534,2.489028342100098,-0.5396004971063326,-0.3636724265085931,-1.459623930073816,0.790269296188181,-0.9786945230850691,0.24653158965091682
14.918897781246534,8.7747070345291,-0.13958789261666582,2.548466149415334,-0.598535799230032,5.04782288565376,2.366876268932867,2.912772206775978,-0.18940471421300287,-0.9507936695171324,-3.883433220149666,-0.5766286136920601,-0.9428747333879599,2.328839942752821,-0.917095409900248,2.9954507252147806,0.2691727044715386,0.5227709265772864,-0.9830870245384373,0.9306928813633855,-0.8148437572687691,-0.8832232669105156
15.015496659784988,9.93282235044464,-0.5478958333793689,3.5052076987369993,0.6527575777389067,6.620511393205775,2.1795594558366513,3.6088194556000417,0.16959333970782264,-0.07097310488922837,-4.490970895724226,-0.22185974876158365,-0.17288776108829573,4.024916248896476,-0.7981897256611382,3.501873108329482,1.0779459060494396,1.4092142796631988,-0.5065501190030408,1.0711164665385953,-0.6509929914524631,-2.0129781234719895
15.11209553832344,11.090937666360137,-0.9562037741420568,4.46194924805863,1.9040509547077988,8.193199900757733,1.9922426427404423,4.3048667044240805,0.528591393628635,0.8088474597386432,-5.098508571298764,0.1329091161688798,0.5970992112113405,5.720992555040069,-0.6792840414220327,4.008295491444165,1.8867191076273109,2.2956576327490783,-0.03001321346766206,1.2115400517137997,-0.48714222563616305,-3.142732980033422
15.208694416861894,10.971826296481142,-1.3204358829203797,4.662322745069831,2.3535409231605557,8.438958468799239,1.266163193268241,3.7696260379991955,0.6452236623715211,1.4891454922067908,-4.986443820524731,0.4670578386080628,0.9628557268718433,5.959411443383541,-0.79167642674062,3.9003646727664862,1.8852460219658833,2.454683141079037,0.28563814900961615,1.0328119634764072,-0.5668937302030677,-3.5921396780290475
15.305293295400345,9.375921571152263,-1.6337053109667514,3.9881456815970777,1.8759457005164861,7.150454294281754,-0.08286055451364827,1.810708719567777,0.4816204920024184,1.9387455968652003,-4.0423387642851685,0.7773645212916762,0.8612207770433158,4.51241394239559,-1.1715072049852824,3.0820879645163917,0.9469256666840096,1.7726317664099402,0.4152656023259389,0.48506475285571093,-0.9283103599005484,-3.254893817682918
15.4018921739388,7.780016845823326,-1.9469747390131347,3.3139686181242993,1.3983504778723992,5.861950119764222,-1.431884302295587,-0.1482085988637145,0.31801732163330976,2.388345701523627,-3.09823370804557,1.087671203975301,0.7595858272147846,3.065416441407585,-1.5513379832299585,2.2638112562662673,0.00860531140210119,1.0905803917408186,0.5448930556422664,-0.06268245776500558,-1.2897269895980426,-2.917647957336776
15.49849105247725,6.184112120494446,-2.260244167059506,2.6397915546515462,0.9207552552283298,4.573445945246738,-2.780908050077476,-2.107125917295133,0.1544141512642071,2.837945806182036,-2.154128651806007,1.3979778866589143,0.6579508773862572,1.6184189404196339,-1.9311687614746211,1.4455345480161732,-0.929715043879773,0.40852901707172196,0.6745205089585891,-0.610429668385702,-1.6511436192955233,-2.5804020969906465
15.595089931015702,4.5882073951655675,-2.5735135951058776,1.9656144911787927,0.4431600325842604,3.2849417707292545,-4.129931797859365,-4.066043235726553,-0.009189019104895557,3.287545910840446,-1.2100235955664438,1.7082845693425277,0.5563159275577299,0.17142143943168353,-2.3109995397192833,0.6272578397660786,-1.8680353991616467,-0.2735223575973751,0.8041479622749118,-1.1581768790063984,-2.0125602489930037,-2.2431562366445172
15.691688809554156,3.2646983462281636,-2.6444833871749296,1.2420866591221205,-0.025512697865854778,2.150460407176398,-4.848212621380045,-5.029158815681311,-0.01247649004695539,3.0466189036092004,-0.689904662747995,1.6961644526509283,0.08615289309720625,-1.0891902400799438,-2.3220848994262893,-0.20245256003894524,-2.4346999514298684,-0.5324148338719124,0.7195250136052052,-1.3581629989850397,-2.277147620422089,-2.0099186854358977
15.788287688092607,2.3400543948640933,-2.3606572837057715,0.4462952016390649,-0.4811203504604953,1.2415124453932698,-4.642905591518212,-4.534136135723788,0.21898402745771683,1.7945629111110248,-0.7906225535104859,1.2119193797313588,-0.9236405510029613,-2.07687982385828,-1.7932216105603196,-1.0489051510493268,-2.4571542207137846,-0.17168178035441917,0.3211782620274046,-1.048927521952102,-2.399949292243862,-1.9289790154643616
15.884886566631062,1.4154104434999888,-2.076831180236603,-0.34949625584402,-0.9367280030551526,0.33256448361010804,-4.437598561656372,-4.039113455766247,0.4504445449623975,0.5425069186128031,-0.8913404442729806,0.7276743068117717,-1.9334339951031656,-3.064569407636653,-1.2643583216943306,-1.8953577420597392,-2.479608489997702,0.18905127316308723,-0.07716848955041056,-0.7396920449191526,-2.522750964065639,-1.8480393454928223
15.981485445169513,0.4907664921359185,-1.7930050767674448,-1.1452877133270754,-1.392335655649793,-0.5763834781730202,-4.232291531794539,-3.544090775808725,0.6819050624670697,-0.7095490738853725,-0.9920583350354715,0.2434292338922024,-2.943227439203333,-4.052258991414989,-0.7354950328283607,-2.741810333070121,-2.502062759281618,0.5497843266805804,-0.4755152411282111,-0.4304565678862149,-2.645552635887412,-1.7670996755212862
16.07808432370797,-0.43387745922820287,-1.5091789732982712,-1.9410791708101751,-1.8479433082444587,-1.485331439956198,-4.026984501932695,-3.049068095851175,0.9133655799717546,-1.9616050663836173,-1.092776225797968,-0.24081583902739379,-3.953020883303556,-5.039948575193381,-0.20663174396236172,-3.588262924080549,-2.5245170285655356,0.9105173801980935,-0.8738619927060336,-0.12122109085326005,-2.7683543077091914,-1.6861600055497457
16.17468320224642,-0.8156930338003312,-1.1876673361798475,-2.0696741085562316,-2.109300241927129,-2.178158451608825,-3.582265710849806,-2.50496606739235,1.2239849624131514,-2.7078509333722858,-0.9095272760514106,-0.2649779014018169,-4.15648070355577,-5.723761410572408,0.264584941059714,-4.086130216886057,-2.514275330839214,0.9666196377148046,-0.9964739931480848,0.2270920985146959,-2.7963603699174056,-1.5558377883253567
16.27128208078487,-0.17970540188780337,-0.7954953234690675,-0.9472755717957058,-2.006437077649941,-2.465758681766854,-2.688649867477542,-1.8688402604936027,1.683027216610872,-2.5057028150308462,-0.19384050035051137,0.5735156809957075,-2.848064979093425,-5.837805342702864,0.6277142438745148,-3.9304000755575803,-2.4427286949687095,0.4515391527301824,-0.6020833352107254,0.648675998510794,-2.6466246641002393,-1.3329232950018899
16.367880959323323,0.45628223002472446,-0.4033233107582873,0.17512296496482005,-1.9035739133727527,-2.7533589119248836,-1.7950340241052785,-1.232714453594856,2.1420694708085923,-2.3035546966894067,0.5218462753503879,1.412009263393232,-1.5396492546310796,-5.95184927483332,0.9908435466893156,-3.7746699342291032,-2.3711820590982056,-0.06354133225443981,-0.20769267727336604,1.070259898506892,-2.4968889582830727,-1.110008801678423
16.46447983786178,1.0922698619372992,-0.011151298047478386,1.297521501725428,-1.8007107490955567,-3.0409591420829347,-0.9014181807329487,-0.5965886466960622,2.601111725006347,-2.1014065783479525,1.2375330510513398,2.250502845790818,-0.23123353016863746,-6.065893206963784,1.3539728495041432,-3.618939792900614,-2.2996354232276963,-0.5786218172391,0.18669798066402232,1.4918437985030213,-2.3471532524658953,-0.88709430835494
16.56107871640023,1.728257493849827,0.3810207146633018,2.419920038485954,-1.6978475848183683,-3.328559372240964,-0.00780233736068503,0.03953716020268461,3.0601539792040673,-1.899258460006513,1.9532198267522392,3.088996428188342,1.0771821942937079,-6.17993713909424,1.717102152318944,-3.463209651572137,-2.228088787357192,-1.0937023022237224,0.5810886386013816,1.9134276984991194,-2.1974175466487287,-0.6641798150314732
16.657677594938683,2.0901362656863895,0.6422047607327747,2.7440014120031924,-1.669451191445629,-3.5250591724910874,0.47590375452120404,0.5357866055387067,3.1377672292791394,-1.8797491043386008,2.226417691636022,3.448808056177454,1.7336697818676838,-5.9497765238126386,1.6543214208447763,-3.1495064134015958,-2.0022450524142195,-1.5890551390498793,0.6747509466003224,2.2582604531077752,-2.0936833675534707,-0.23288522235406456
16.754276473477134,1.7804483303368006,0.5824682885310277,1.1122057355742698,-1.8234983867887995,-3.498362919466828,-0.044669044748380626,0.689338965046034,2.2808794192536728,-2.3077047172208554,1.41551772501781,2.6358488958658883,0.7929334340650651,-4.876314767371449,0.5480611053625788,-2.448769087967976,-1.398373424743678,-2.0360752378877947,0.03162879725009782,2.415052901517186,-2.102652928926894,0.7089406137405294
16.850875352015592,1.470760394987189,0.5227318163292762,-0.5195899408547726,-1.9775455821319814,-3.4716666664425673,-0.5652418440180036,0.8428913245533727,1.4239916092281428,-2.735660330103142,0.6046177583995382,1.8228897355542637,-0.1478029137376229,-3.80285301093018,-0.5581992101197002,-1.7480317625343047,-0.7945017970730923,-2.483095336725743,-0.6114933521001742,2.5718453499266087,-2.1116224903003182,1.6507664498351926
16.947474230554043,1.1610724596375999,0.4629953441275292,-2.1513856172836947,-2.1315927774751517,-3.444970413418308,-1.0858146432875881,0.9964436840606999,0.567103799202676,-3.1636159429853965,-0.2062822082186737,1.0099305752426986,-1.0885392615402414,-2.7293912544889904,-1.6644595256018977,-1.047294437100685,-0.19063016940255095,-2.9301154355636587,-1.2546155014503988,2.72863779833602,-2.120592051673742,2.5925922859297867
17.044073109092494,0.8513845242880109,0.4032588719257822,-3.7831812937126177,-2.2856399728183225,-3.418274160394049,-1.606387442557173,1.1499960435680272,-0.2897840108227907,-3.5915715558676515,-1.0171821748368859,0.19697141493113346,-2.0292756093428603,-1.6559294980478008,-2.7707198410840954,-0.34655711166706515,0.4132414582679904,-3.3771355344015737,-1.8977376508006234,2.885430246745431,-2.1295616130471653,3.5344181220243804
17.140671987630945,0.7592658199006946,0.3415003697052316,-4.906164593173735,-2.155039901522162,-3.4319262663985146,-1.84599888816406,1.2430128300724121,-0.9716364930899092,-3.7360242948947158,-1.4964055817882547,-0.5095498108765772,-2.557642130683827,-0.8899479388463466,-3.2266704599862366,0.2218462396660993,1.0053700978549016,-3.6612723365024777,-2.592785736688536,2.8422325134915307,-1.9543588440124156,4.314535071680044
17.237270866169396,1.3878451930759124,0.2730438930473942,-4.343706893928986,-1.0815457594832116,-3.579232311685633,-1.1549258497632542,1.135505531004549,-1.0736844521574924,-2.9413737642764533,-0.8769503848432006,-0.863495378640267,-1.7200336018705618,-1.1424945330015253,-1.5284702089669189,0.3518933017915034,1.5586000894147896,-3.405858218162026,-3.4598384873575423,2.1365673034779054,-1.1690852305005859,4.558991335006748
17.333869744707854,2.0164245662511764,0.20458741638955177,-3.781249194684195,-0.008051617444182035,-3.7265383569727626,-0.4638528113623974,1.0279982319366778,-1.1757324112250833,-2.1467232336581326,-0.2574951878981009,-1.217440946403983,-0.8824250730572349,-1.3950411271567227,0.16973004205252362,0.4819403639169171,2.1118300809747184,-3.1504440998215557,-4.3268912380266125,1.4309020934642287,-0.3838116169886985,4.80344759833347
17.430468623246306,2.645003939426394,0.1361309397317144,-3.2187914954394454,1.065442524594769,-3.8738444022598815,0.2272202270384085,0.9204909328688147,-1.2777803702926667,-1.3520727030398696,0.36196000904695325,-1.5713865141676728,-0.04481654424396986,-1.6475877213119015,1.8679302930718409,0.6119874260423213,2.6650600725346063,-2.895029981481104,-5.193943988695619,0.7252368834506036,0.40146199652313097,5.047903861660174
17.527067501784757,3.273583312601612,0.06767446307387698,-2.656333796194696,2.13893666663372,-4.021150447547,0.9182932654392144,0.8129836338009515,-1.3798283293602498,-0.5574221724216071,0.9814152059920072,-1.9253320819313626,0.7927919845692952,-1.9001343154670802,3.566130544091158,0.7420344881677253,3.218290064094494,-2.6396158631406523,-6.060996739364626,0.019571673436978188,1.1867356100349609,5.292360124986878
17.623666380323215,3.8518379663669764,0.03517376526486077,-2.160108024029173,2.9955708354101183,-4.207887746447717,1.4866988945525592,0.6140660243758466,-1.4466780924703095,0.20634191647133454,1.5017715114902948,-2.3918811842952197,1.3798036474990327,-2.1027846283990232,4.8597179697222925,0.799530717921806,3.5692080438809723,-2.28828222044066,-6.4748799431616355,-0.7015194683350919,1.7376173120524354,5.337202054753623
17.720265258861666,4.1910502029353465,0.17346301698772076,-1.9784839054901175,2.8221201311892616,-4.581923500012911,1.4724343295503532,-0.019050559245975873,-1.3463364247821408,0.8233954071687107,1.5514080826163266,-3.3932970760095538,0.7764801974820283,-2.0684276055205633,4.231394474759434,0.5124104939121521,2.9591439677438185,-1.4813308370330998,-4.736207799316967,-1.4958837859594563,1.1751374344717398,4.433875900110763
17.816864137400117,4.5302624395037165,0.31175226871058076,-1.7968597869510616,2.6486694269684055,-4.955959253578104,1.4581697645481473,-0.6521671428677982,-1.2459947570939718,1.440448897866087,1.6010446537423582,-4.394712967723889,0.17315674746502396,-2.034070582642103,3.603070979796577,0.22529026990249834,2.3490798916066646,-0.6743794536255394,-2.9975356554722974,-2.2902481035838202,0.6126575568910442,3.5305497454679027
17.913463015938568,4.869474676072087,0.45004152043344076,-1.615235668412006,2.475218722747549,-5.329995007143299,1.4439051995459413,-1.2852837264896209,-1.145653089405803,2.057502388563463,1.65068122486839,-5.396128859438223,-0.4301667025519802,-1.9997135597636428,2.974747484833719,-0.06182995410715553,1.7390158154695108,0.13257192978202115,-1.258863511627628,-3.0846124212081847,0.050177679310348555,2.627223590825042
18.010061894477026,5.208686912640482,0.5883307721563109,-1.433611549872937,2.30176801852668,-5.70403076070852,1.4296406345437345,-1.9184003101114897,-1.045311421717627,2.674555879260885,1.7003177959944253,-6.397544751152631,-1.033490152569029,-1.9653565368851802,2.3464239898708152,-0.3489501781168305,1.128951739332312,0.9395233131896408,0.47980863221716863,-3.8789767388326073,-0.5123021982703886,1.7238974361821153
18.106660773015477,5.442692001091346,0.7202841942837278,-1.2336254570931575,2.064659619267866,-5.92323265778391,1.4160765091695398,-2.428018874763477,-0.9433215786887886,3.1720162606524616,1.7150045807784653,-7.039609891880796,-1.5243902441168908,-1.7848025365497882,1.7999444476443989,-0.5622484899457225,0.5607125245741067,1.6593248306078046,2.04468646961001,-4.4528752402623875,-0.9650981782806184,0.8829209179778665
18.203259651553928,4.874492585146648,0.803926915745917,-0.8936293107279337,1.3421612953448823,-4.961826399125176,1.407853235958927,-1.9959650447709718,-0.8287643986873519,2.757579183587801,1.46319924470496,-4.94162555634088,-1.1580622273379968,-0.48949658310588307,1.8775250450330137,-0.2126547213966043,0.3113878778302156,1.7146086198571688,2.284382720308367,-3.3457218932093493,-0.5815544393164905,0.5173603776177793
18.29985853009238,4.30629316920195,0.8875696372081062,-0.55363316436271,0.6196629714218989,-4.000420140466442,1.3996299627483146,-1.5639112147784666,-0.7142072186859152,2.343142106523141,1.2113939086314547,-2.843641220800965,-0.7917342105591028,0.8058093703380222,1.9551056424216284,0.13693904715251393,0.0620632310863245,1.7698924091065333,2.5240789710067246,-2.2385685461563116,-0.19801070035236257,0.1517998372576922
18.39645740863083,3.738093753257253,0.9712123586702954,-0.21363701799748624,-0.102835352501085,-3.0390138818077075,1.3914066895377022,-1.1318573847859617,-0.5996500386844785,1.9287050294584807,0.9595885725579494,-0.7456568852610488,-0.4254061937802087,2.1011153237819276,2.032686239810243,0.4865328157016322,-0.1872614156575666,1.8251761983558976,2.7637752217050817,-1.131415199103274,0.1855330386117653,-0.21376070310239514
18.49305628716929,3.1698943373125137,1.054855080132491,0.12635912836776253,-0.8253336764241217,-2.0776076231489027,1.383183416327089,-0.6998035547934247,-0.4850928586830333,1.51426795239379,0.7077832364844256,1.352327450279022,-0.05907817700128781,3.3964212772259286,2.1102668371988638,0.8361265842507761,-0.4365860624014759,1.8804599876052661,3.003471472403457,-0.024261852050154964,0.5690767775759213,-0.5793212434625092
18.58965516570774,2.6470298493830784,1.1204719797886469,0.42151776301998717,-1.4667152283758116,-1.13481458409292,1.3615694189562022,-0.28947304850271666,-0.38329260223144024,1.0950817179618693,0.42618457849535935,3.257443361810419,0.2598187807026363,4.59328196136659,2.1519783294314956,1.1399053098833272,-0.662320674540259,1.9086205291997496,3.200897715790693,0.974073066438625,0.9021125673284904,-0.9439113266144055
18.68625404424619,2.860857941701285,0.8931692750969089,-0.011933167663660482,-0.7899492357946322,-0.49448636358149733,1.1223561539809666,-0.23214655236603762,-0.48879235346470395,0.598721676312004,-0.33955556062133185,2.028447383204935,-0.19203897156131627,4.190407019330346,1.6108168628796933,0.6991895881220294,-0.5047172243462289,1.4960282964026401,2.711436340372546,0.20410852075910146,0.4143941823936368,-1.2927314801332053
18.78285292278464,3.0746860340194924,0.6658665704051709,-0.4453840983473081,-0.11318324321345274,0.14584185692992535,0.8831428890057309,-0.17482005622935856,-0.5942921046979677,0.10236163466213877,-1.105295699738023,0.7994514045994512,-0.6438967238252689,3.7875320772941015,1.069655396327891,0.25847386636073155,-0.3471137741521987,1.0834360636055307,2.2219749649543994,-0.5658560249204221,-0.07332420254121663,-1.641551633652005
18.8794518013231,3.288514126337715,0.4385638657134163,-0.8788350290309876,0.5635827493677761,0.7861700774413951,0.6439296240304777,-0.11749356009267528,-0.699791855931239,-0.3939984069877631,-1.8710358388547705,-0.42954457400612345,-1.0957544760892546,3.3846571352578274,0.5284939297760489,-0.18224185540059867,-0.18951032395815692,0.670843830808391,1.7325135895362167,-1.3358205706000024,-0.5610425874761062,-1.9903717871708306
18.97605067986155,3.502342218655922,0.21126116102167836,-1.3122859597146352,1.2403487419489556,1.426498297952818,0.40471635905524195,-0.06016706395599622,-0.8052916071645028,-0.8903584486376284,-2.6367759779714617,-1.658540552611607,-1.5476122283532072,2.9817821932215827,-0.012667536775753163,-0.6229575771618963,-0.03190687376412671,0.2582515980112814,1.24305221411807,-2.105785116279526,-1.0487609724109597,-2.3391919406896307
19.0726495584,3.716170310974121,-0.016041543670051173,-1.7457368903982668,1.9171147345301103,2.0668265184642167,0.16550309408001507,-0.002840567819319295,-0.9107913583977626,-1.3867184902874756,-3.402516117088125,-2.8875365312170453,-1.999469980617143,2.5789072511853535,-0.5538290033275355,-1.0636732989231776,0.12569657642989762,-0.15434063478581272,0.7535908386999415,-2.8757496619590213,-1.5364793573457955,-2.6880120942084176
